8 6
1 11
---
-1 -1 0 0 0 0 -1 -1 
-1 0 10 15 12 4 0 -1 
-1 0 12 2 15 12 0 -1 
-1 0 4 12 12 4 0 -1 
-1 0 5 4 4 5 0 -1 
-1 -1 0 0 0 0 -1 -1 
-1 -1 8 8 8 8 -1 -1 
-1 8 10 15 14 12 8 -1 
-1 8 14 10 15 14 8 -1 
-1 8 12 14 14 12 8 -1 
-1 8 4 12 12 4 8 -1 
-1 -1 8 8 8 8 -1 -1 
-1 -1 7 7 7 7 -1 -1 
-1 7 15 15 15 15 7 -1 
-1 7 15 15 15 15 7 -1 
-1 7 15 15 15 15 7 -1 
-1 7 15 15 15 15 7 -1 
-1 -1 7 7 7 7 -1 -1 
-1 1 10 15 11 3 1 -1 
-1 1 10 15 11 3 1 -1 
-1 1 11 10 15 11 1 -1 
-1 1 3 11 11 3 1 -1 
-1 1 3 11 11 3 1 -1 
-1 1 1 3 3 1 1 -1 
-1 8 8 8 8 8 8 -1 
8 10 10 15 14 14 12 8 
8 14 14 10 15 15 14 8 
8 12 12 14 14 14 12 8 
8 4 4 12 12 12 4 8 
-1 8 8 8 8 8 8 -1 
-1 -1 -1 -1 -1 -1 -1 -1 
-1 8 8 8 8 8 8 -1 
8 14 14 15 15 15 14 8 
8 12 12 14 14 14 12 8 
-1 8 8 8 8 8 8 -1 
-1 -1 -1 -1 -1 -1 -1 -1 
-1 -1 -1 -1 -1 -1 -1 -1 
-1 -1 -1 -1 -1 -1 -1 -1 
15 15 15 15 15 15 15 15 
15 15 15 15 15 15 15 15 
-1 -1 -1 -1 -1 -1 -1 -1 
-1 -1 -1 -1 -1 -1 -1 -1 
-1 -1 -1 -1 -1 -1 -1 -1 
-1 -1 -1 -1 -1 -1 -1 -1 
8 7 7 7 7 7 7 8 
8 7 7 7 7 7 7 8 
-1 -1 -1 -1 -1 -1 -1 -1 
-1 -1 -1 -1 -1 -1 -1 -1 
-1 -1 -1 -1 -1 -1 -1 -1 
-1 -1 -1 7 7 -1 -1 -1 
-1 8 7 15 15 7 8 -1 
-1 8 7 15 15 7 8 -1 
-1 -1 -1 7 7 -1 -1 -1 
-1 -1 -1 -1 -1 -1 -1 -1 
-1 -1 8 8 8 8 -1 -1 
-1 -1 8 15 15 8 -1 -1 
-1 -1 8 8 15 8 -1 -1 
-1 -1 -1 8 15 8 -1 -1 
-1 -1 -1 8 15 8 -1 -1 
-1 -1 -1 8 8 8 -1 -1 
-1 -1 8 8 8 8 -1 -1 
-1 -1 8 7 7 8 -1 -1 
-1 -1 8 8 7 8 -1 -1 
-1 -1 -1 8 7 8 -1 -1 
-1 -1 -1 8 7 8 -1 -1 
-1 -1 -1 8 8 8 -1 -1 
