70 21
---
-1 0 0 0 0 0 0 0 -1 0 0 0 0 0 0 0 0 0 0 0 -1 0 0 0 0 0 0 0 0 0 0 0 0 -1 -1 -1 -1 -1 -1 -1 -1 -1 -1 -1 -1 -1 -1 -1 -1 -1 -1 -1 -1 -1 -1 -1 -1 -1 -1 -1 -1 -1 -1 -1 -1 -1 -1 -1 -1 -1 
0 0 14 14 14 14 14 0 0 0 14 14 14 14 14 0 0 14 14 0 0 0 14 14 0 14 14 14 14 14 14 14 0 -1 -1 -1 -1 -1 -1 0 0 0 0 -1 -1 -1 -1 -1 -1 -1 -1 -1 -1 -1 -1 -1 -1 -1 -1 -1 -1 -1 -1 -1 -1 -1 -1 -1 -1 -1 
0 14 14 14 14 14 14 14 0 14 14 14 14 14 14 14 0 14 14 14 0 14 14 14 0 14 14 14 14 14 14 14 0 -1 -1 -1 -1 -1 0 0 14 14 14 0 0 0 -1 -1 -1 -1 -1 -1 -1 -1 -1 -1 -1 -1 -1 -1 -1 -1 -1 -1 -1 -1 -1 -1 -1 -1 
0 14 14 8 8 6 14 14 0 14 14 8 8 6 14 14 0 14 14 14 14 14 14 14 0 14 14 8 8 8 8 6 0 -1 -1 -1 -1 -1 0 14 14 14 14 14 14 0 0 0 0 0 -1 -1 -1 -1 -1 -1 -1 -1 -1 -1 -1 -1 -1 -1 -1 -1 -1 -1 -1 -1 
0 14 14 8 8 6 8 8 0 14 14 14 14 14 14 14 0 14 14 14 14 14 14 14 0 14 14 14 14 8 8 6 0 -1 -1 -1 -1 -1 0 14 14 14 8 14 14 14 0 14 14 0 -1 0 0 0 0 -1 -1 -1 -1 -1 -1 -1 -1 -1 -1 -1 -1 -1 -1 -1 
0 14 14 0 0 14 14 14 0 14 14 14 14 14 14 14 0 14 14 8 14 8 14 14 0 14 14 14 14 0 0 0 0 -1 -1 -1 -1 0 0 14 14 8 8 6 14 14 0 14 14 0 -1 0 14 14 0 0 0 0 0 -1 -1 -1 -1 -1 -1 -1 -1 -1 -1 -1 
0 14 14 0 0 14 14 14 0 14 14 8 8 6 14 14 0 14 14 8 6 8 14 14 0 14 14 8 8 0 -1 -1 -1 -1 -1 -1 -1 0 14 14 14 0 6 6 14 14 0 14 14 0 -1 0 14 14 0 14 14 14 0 0 0 0 -1 -1 -1 -1 -1 -1 -1 -1 
0 14 14 0 0 6 14 14 0 14 14 8 8 6 14 14 0 14 14 0 6 0 14 14 0 14 14 8 8 0 0 0 0 -1 -1 -1 -1 0 14 14 0 -1 0 14 14 0 0 14 14 0 0 14 14 14 0 14 14 14 14 14 14 0 0 0 0 0 0 -1 -1 -1 
0 14 14 14 14 14 14 14 0 14 14 0 0 0 14 14 0 14 14 0 0 0 14 14 0 14 14 14 14 14 14 14 0 -1 -1 -1 0 0 14 14 0 -1 0 14 14 0 6 14 14 0 0 14 14 0 14 14 14 14 14 14 14 0 0 14 14 14 0 0 0 -1 
0 6 14 14 14 14 14 8 0 14 14 0 -1 0 14 14 0 14 14 0 -1 0 14 14 0 14 14 14 14 14 14 14 0 -1 -1 -1 0 6 14 14 14 0 14 14 14 0 6 14 14 0 14 14 8 0 14 14 14 8 8 8 6 0 14 14 14 14 14 14 0 0 
0 6 6 6 6 6 8 8 0 6 6 0 -1 0 6 6 0 6 6 0 -1 0 6 6 0 6 6 6 6 6 6 6 0 -1 -1 -1 0 6 6 14 14 14 14 14 0 0 6 14 14 14 14 8 8 0 14 14 14 14 8 8 6 0 14 14 14 14 14 14 14 0 
0 0 6 6 6 6 8 0 0 6 6 0 -1 0 6 6 0 6 6 0 -1 0 6 6 0 6 6 6 6 6 6 6 0 -1 -1 -1 0 6 6 6 6 14 14 8 0 0 0 6 14 14 14 8 0 14 14 14 14 14 0 0 0 0 14 14 8 8 6 14 14 0 
-1 0 0 0 0 0 0 0 0 0 0 0 -1 0 0 0 0 0 0 0 -1 0 0 0 0 0 0 0 0 0 0 0 0 -1 -1 -1 0 0 6 6 6 6 8 0 0 -1 0 6 14 14 8 0 0 14 14 8 8 8 0 -1 0 14 14 14 14 14 14 14 0 0 
-1 -1 -1 -1 -1 -1 -1 -1 -1 -1 -1 -1 -1 -1 -1 -1 -1 -1 -1 -1 -1 -1 -1 -1 -1 -1 -1 -1 -1 -1 -1 -1 -1 -1 -1 -1 -1 0 0 0 6 8 0 0 -1 -1 0 6 6 8 0 0 0 14 14 14 8 0 0 0 0 14 14 14 14 14 14 14 0 -1 
-1 -1 -1 -1 -1 -1 -1 -1 -1 -1 -1 -1 -1 -1 -1 -1 -1 -1 -1 -1 -1 -1 -1 -1 -1 -1 -1 -1 -1 -1 -1 -1 -1 -1 -1 -1 -1 -1 -1 0 0 0 0 -1 -1 -1 0 6 8 0 0 0 6 14 14 14 14 14 14 0 0 14 14 14 14 14 8 8 0 -1 
-1 -1 -1 -1 -1 -1 -1 -1 -1 -1 -1 -1 -1 -1 -1 -1 -1 -1 -1 -1 -1 -1 -1 -1 -1 -1 -1 -1 -1 -1 -1 -1 -1 -1 -1 -1 -1 -1 -1 -1 -1 -1 -1 -1 -1 -1 0 0 0 0 -1 0 6 6 6 14 14 14 14 0 14 14 14 8 14 14 6 0 0 -1 
-1 -1 -1 -1 -1 -1 -1 -1 -1 -1 -1 -1 -1 -1 -1 -1 -1 -1 -1 -1 -1 -1 -1 -1 -1 -1 -1 -1 -1 -1 -1 -1 -1 -1 -1 -1 -1 -1 -1 -1 -1 -1 -1 -1 -1 -1 -1 -1 -1 -1 -1 0 0 6 6 6 6 6 6 0 14 14 8 8 14 14 14 0 -1 -1 
-1 -1 -1 -1 -1 -1 -1 -1 -1 -1 -1 -1 -1 -1 -1 -1 -1 -1 -1 -1 -1 -1 -1 -1 -1 -1 -1 -1 -1 -1 -1 -1 -1 -1 -1 -1 -1 -1 -1 -1 -1 -1 -1 -1 -1 -1 -1 -1 -1 -1 -1 -1 0 0 0 0 6 6 0 0 6 6 8 0 6 14 14 0 -1 -1 
-1 -1 -1 -1 -1 -1 -1 -1 -1 -1 -1 -1 -1 -1 -1 -1 -1 -1 -1 -1 -1 -1 -1 -1 -1 -1 -1 -1 -1 -1 -1 -1 -1 -1 -1 -1 -1 -1 -1 -1 -1 -1 -1 -1 -1 -1 -1 -1 -1 -1 -1 -1 -1 -1 -1 -1 0 0 0 0 6 6 0 0 6 14 14 0 -1 -1 
-1 -1 -1 -1 -1 -1 -1 -1 -1 -1 -1 -1 -1 -1 -1 -1 -1 -1 -1 -1 -1 -1 -1 -1 -1 -1 -1 -1 -1 -1 -1 -1 -1 -1 -1 -1 -1 -1 -1 -1 -1 -1 -1 -1 -1 -1 -1 -1 -1 -1 -1 -1 -1 -1 -1 -1 -1 -1 -1 0 0 0 0 0 6 6 0 0 -1 -1 
-1 -1 -1 -1 -1 -1 -1 -1 -1 -1 -1 -1 -1 -1 -1 -1 -1 -1 -1 -1 -1 -1 -1 -1 -1 -1 -1 -1 -1 -1 -1 -1 -1 -1 -1 -1 -1 -1 -1 -1 -1 -1 -1 -1 -1 -1 -1 -1 -1 -1 -1 -1 -1 -1 -1 -1 -1 -1 -1 -1 -1 -1 -1 0 0 0 0 -1 -1 -1 
