16 18
8 2
---
13 13 13 13 13 13 13 13 13 13 13 13 13 13 13 13 13 13 13 13 13 13 13 13 13 13 13 13 13 13 13 13 13 13 13 13 13 13 13 13 13 13 13 13 13 13 13 13 13 13 13 13 13 13 13 13 13 13 13 13 13 13 13 13 13 13 13 13 13 13 13 13 13 13 13 13 13 13 13 13 13 13 13 13 13 13 13 13 13 13 13 13 13 13 13 13 13 13 13 13 13 13 13 13 13 13 13 13 13 13 13 13 13 13 13 13 13 13 13 13 13 13 13 13 13 13 13 13 
13 13 13 13 13 13 13 13 13 13 13 13 13 13 13 13 13 13 13 13 13 13 13 13 13 13 13 13 13 13 13 13 13 13 13 13 13 13 13 13 13 13 13 13 13 13 13 13 13 13 13 13 13 13 13 13 13 13 13 13 13 13 13 13 13 13 13 13 13 13 13 13 13 13 13 13 13 13 13 13 13 13 13 13 13 13 13 13 13 13 13 13 13 13 13 13 13 13 13 13 13 13 13 13 13 13 13 13 13 13 13 13 13 13 13 13 13 13 13 13 13 13 13 13 13 13 13 13 
13 13 13 13 13 13 13 13 13 13 13 13 13 13 13 13 13 13 13 13 13 13 13 13 13 13 13 13 13 13 13 13 13 13 13 13 13 13 13 13 13 13 13 13 13 13 13 13 13 13 13 13 13 13 13 13 13 13 13 13 13 13 13 13 13 13 13 13 13 13 13 13 13 13 13 13 13 13 13 13 13 13 13 13 13 13 13 13 13 13 13 13 13 13 13 13 13 13 13 13 13 13 13 13 13 13 13 13 13 13 13 13 13 13 13 13 13 13 13 13 13 13 13 13 13 13 13 13 
13 13 13 13 13 13 13 13 13 13 13 13 13 13 13 13 13 13 13 13 13 13 13 0 0 0 13 13 13 13 13 13 13 13 13 13 13 13 0 0 0 13 13 13 13 13 13 13 13 13 13 13 13 13 13 13 13 13 13 13 13 13 13 13 13 13 13 13 13 13 13 13 13 13 13 13 0 0 0 13 13 13 13 13 13 13 0 0 0 13 13 13 13 13 13 13 13 13 13 13 13 13 0 0 0 0 13 13 13 13 13 13 13 13 13 13 13 13 13 13 13 13 13 13 13 13 13 13 
13 13 13 13 13 13 0 0 0 13 13 13 13 13 13 13 13 13 13 13 13 13 0 4 4 4 0 0 0 13 13 13 13 13 13 13 13 0 4 4 4 0 0 0 13 13 13 13 13 13 13 13 13 13 0 0 0 13 13 13 13 13 13 13 13 13 13 13 13 13 0 0 0 13 13 0 14 14 14 0 13 13 13 0 0 0 4 4 4 0 0 13 13 13 13 13 13 13 13 0 13 0 4 4 4 4 0 13 0 13 13 13 13 13 13 13 13 13 13 13 13 13 13 13 13 13 13 13 
13 13 13 13 13 0 4 4 4 0 0 0 13 13 13 13 13 13 13 13 13 0 4 4 4 4 4 4 4 0 13 13 13 13 13 13 0 4 4 4 4 4 4 4 0 13 13 13 13 13 13 13 13 0 4 4 4 0 0 0 13 13 13 13 13 13 13 13 13 0 4 4 4 0 0 0 14 14 14 0 13 13 0 4 4 4 4 4 4 4 4 0 13 13 13 13 13 13 0 14 0 4 4 4 4 4 4 0 14 0 13 13 13 13 13 13 13 13 13 13 13 13 13 13 13 13 13 13 
13 13 13 13 0 4 4 4 4 4 4 4 0 13 13 13 13 13 13 13 0 6 6 6 14 14 6 14 0 13 13 13 13 13 13 0 6 6 6 14 14 6 14 0 13 13 13 13 13 13 13 13 0 4 4 4 4 4 4 4 0 13 13 13 13 13 13 13 0 4 4 4 4 4 4 4 6 6 0 13 13 13 13 0 14 6 14 14 6 6 6 6 0 13 13 13 13 0 14 14 6 14 6 14 14 6 14 6 14 14 0 13 13 13 13 13 13 13 13 13 13 13 13 13 13 13 13 13 
13 13 13 0 6 6 6 14 14 6 14 0 13 13 13 13 13 13 13 0 6 6 14 6 6 14 14 14 14 0 13 13 13 13 0 6 6 14 6 6 14 14 14 14 0 13 13 13 13 13 13 0 6 6 6 14 14 6 14 0 13 13 13 13 13 13 13 0 6 6 6 14 14 6 14 0 6 6 0 13 13 13 0 14 14 14 6 14 6 14 6 14 14 0 13 13 13 0 14 6 6 6 14 14 14 14 6 6 6 14 0 13 13 13 13 13 13 13 13 13 13 13 13 13 13 13 13 13 
13 13 0 6 6 14 6 6 14 14 14 14 0 13 13 13 13 13 13 0 6 6 14 14 14 14 6 6 14 0 13 13 13 13 0 6 6 14 14 14 14 6 6 14 0 13 13 13 13 13 0 6 6 14 6 6 14 14 14 14 0 13 13 13 13 13 0 6 6 14 6 6 14 14 14 14 6 6 0 13 13 13 13 0 6 6 14 14 14 14 6 14 14 0 13 13 13 13 0 6 6 14 6 6 6 6 14 6 6 0 13 13 13 13 13 13 13 13 13 13 13 13 13 13 13 13 13 13 
13 13 0 6 6 14 14 14 14 6 6 14 0 13 13 13 13 13 13 13 0 0 14 14 14 14 14 14 0 13 13 13 13 13 13 0 0 14 14 14 14 14 14 0 13 13 13 13 13 13 0 6 6 14 14 14 14 6 6 14 0 13 13 13 13 13 0 6 6 14 14 14 14 6 6 6 6 0 13 13 13 13 0 6 6 14 14 14 4 4 4 0 0 13 13 13 13 13 13 0 6 14 14 14 14 14 14 6 0 13 13 13 13 13 13 13 13 13 13 13 13 13 13 13 13 13 13 13 
13 13 13 0 0 14 14 14 14 14 14 0 13 13 13 13 13 13 0 0 6 6 6 6 4 6 0 0 0 0 13 13 13 13 13 0 6 6 6 4 6 0 0 13 13 13 13 13 13 13 13 0 0 14 14 14 14 14 14 0 0 13 13 13 13 13 13 0 0 14 14 14 14 14 14 6 0 13 13 13 13 13 0 6 6 6 6 6 14 14 4 4 0 13 13 13 13 13 0 0 6 6 4 14 14 4 6 6 0 0 13 13 13 13 13 13 13 13 13 13 13 13 13 13 13 13 13 13 
13 13 13 0 6 6 4 6 6 4 0 0 13 13 13 13 13 0 14 14 6 6 6 6 4 6 6 14 14 14 0 13 13 13 0 6 6 6 6 4 6 6 0 13 13 13 13 13 13 13 13 0 6 6 6 6 4 6 0 14 14 0 13 13 13 0 0 6 6 6 4 6 6 4 6 0 13 0 13 13 13 13 0 6 6 6 6 6 14 4 4 4 0 13 13 13 13 0 6 0 4 4 4 6 6 4 4 4 0 6 0 13 13 13 13 13 13 13 13 13 13 13 13 13 13 13 13 13 
13 13 0 6 6 6 4 6 6 4 6 6 0 13 13 13 13 0 14 14 0 6 6 6 14 4 6 6 14 14 0 13 13 13 0 6 6 14 14 14 4 14 4 0 13 13 13 13 13 13 0 14 6 6 6 6 6 6 14 14 14 0 13 13 0 14 6 6 6 6 4 4 6 6 4 0 0 6 0 13 13 13 13 0 6 6 6 4 6 6 6 4 0 13 13 13 13 0 6 6 6 4 14 4 4 14 4 6 6 6 0 13 13 13 13 13 13 13 13 13 13 13 13 13 13 13 13 13 
13 13 0 14 14 6 14 4 4 14 6 6 14 0 13 13 13 13 0 0 4 4 4 4 4 4 0 0 6 0 13 13 13 13 0 4 4 14 4 4 4 4 4 0 13 13 13 13 13 0 14 14 4 4 4 4 4 4 4 0 0 13 13 13 0 14 14 0 4 4 4 14 4 4 14 4 6 6 0 13 13 13 13 13 0 0 4 6 6 6 4 0 0 13 13 13 13 0 6 6 6 4 4 4 4 4 4 6 6 6 0 13 13 13 13 13 13 13 13 13 13 13 13 13 13 13 13 13 
13 13 0 14 14 4 4 4 4 4 4 14 14 0 13 13 13 13 0 6 4 4 4 4 4 4 4 6 6 0 13 13 13 13 13 0 4 4 4 4 6 6 0 13 13 13 13 13 13 13 0 6 4 4 4 4 4 4 0 13 13 13 13 13 0 14 0 6 4 4 4 4 4 4 4 4 6 6 0 13 13 13 13 13 13 0 4 6 6 4 6 0 6 0 13 13 13 13 0 0 0 4 4 4 4 4 4 0 0 0 13 13 13 13 13 13 13 13 13 13 13 13 13 13 13 13 13 13 
13 13 13 0 0 6 6 0 0 6 6 0 0 13 13 13 13 13 0 6 6 4 0 0 0 4 4 6 6 0 13 13 13 13 13 13 0 6 6 6 6 6 6 0 13 13 13 13 13 0 6 6 4 4 0 6 6 0 13 13 13 13 13 13 13 0 6 6 6 4 4 4 4 4 0 0 0 0 13 13 13 13 13 13 13 13 0 0 4 6 6 6 6 0 13 13 13 13 13 13 13 0 0 0 0 0 0 13 13 13 13 13 13 13 13 13 13 13 13 13 13 13 13 13 13 13 13 13 
13 13 13 0 6 6 6 0 0 6 6 6 0 13 13 13 13 13 13 0 6 6 6 0 13 0 0 0 0 13 13 13 13 13 13 13 0 6 6 6 6 0 0 13 13 13 13 13 13 0 6 0 0 0 0 6 6 6 0 13 13 13 13 13 13 0 6 0 0 4 4 0 0 0 13 13 13 13 13 13 13 13 13 13 13 13 13 13 0 6 6 6 0 13 13 13 13 13 13 13 13 13 13 13 13 13 13 13 13 13 13 13 13 13 13 13 13 13 13 13 13 13 13 13 13 13 13 13 
13 13 13 13 0 0 0 13 13 0 0 0 13 13 13 13 13 13 13 13 0 0 0 13 13 13 13 13 13 13 13 13 13 13 13 13 13 0 0 0 0 13 13 13 13 13 13 13 13 13 0 13 13 13 13 0 0 0 13 13 13 13 13 13 13 13 0 13 13 0 0 13 13 13 13 13 13 13 13 13 13 13 13 13 13 13 13 13 13 0 0 0 13 13 13 13 13 13 13 13 13 13 13 13 13 13 13 13 13 13 13 13 13 13 13 13 13 13 13 13 13 13 13 13 13 13 13 13 
13 13 13 13 13 0 0 0 0 0 13 13 13 13 13 13 13 13 13 13 13 13 13 13 13 13 13 13 13 13 13 13 13 13 13 13 13 0 0 0 0 0 13 13 13 13 13 13 13 13 13 13 13 13 13 13 13 13 13 13 13 13 13 13 13 13 13 13 13 13 13 13 13 13 13 13 0 0 0 13 13 13 13 13 13 0 0 0 0 13 13 13 13 13 13 13 13 13 13 13 13 13 13 13 13 13 13 13 13 13 13 13 13 13 13 13 13 13 13 13 13 13 13 13 13 13 13 13 
13 13 13 13 0 4 4 4 4 4 0 0 13 13 13 13 13 13 13 13 13 13 0 0 0 0 0 13 13 13 13 13 13 13 13 13 0 4 4 4 4 4 0 0 13 13 13 13 13 13 13 13 13 13 0 0 0 0 0 13 13 13 13 13 13 13 13 13 13 0 0 0 0 0 13 0 14 14 14 0 13 13 13 0 0 4 4 4 4 0 0 0 0 13 13 13 13 13 13 13 13 13 13 13 13 13 13 13 13 13 13 13 13 13 13 13 13 0 0 0 0 0 13 13 13 13 13 13 
13 13 13 0 4 4 4 4 4 4 4 4 0 13 13 13 13 13 13 13 13 0 4 4 4 4 4 0 0 13 13 13 13 13 13 0 4 4 4 4 4 4 4 4 0 13 13 13 13 13 13 13 13 0 4 4 4 4 4 0 0 13 13 13 13 13 13 13 0 4 4 4 4 4 0 14 6 14 14 0 13 13 0 4 4 4 4 4 4 4 4 4 14 0 13 13 13 13 13 13 13 13 13 13 13 13 13 13 13 13 13 13 13 13 13 13 0 4 4 4 4 4 0 0 13 13 13 13 
13 13 13 0 6 6 14 14 6 14 14 0 0 13 13 13 13 13 13 13 0 4 4 4 4 4 4 4 4 0 13 13 13 13 13 0 6 6 14 14 6 14 14 0 0 13 13 13 13 13 13 13 0 4 4 4 4 4 4 4 4 0 13 13 13 13 13 0 4 4 4 4 4 4 4 4 14 14 14 0 13 13 13 0 14 14 6 14 14 6 6 14 14 14 0 13 13 13 13 13 13 13 13 13 13 13 13 13 13 13 13 13 13 13 13 0 4 4 4 4 4 4 4 4 0 13 13 13 
13 13 0 6 14 6 6 14 14 14 14 14 14 0 13 13 13 13 13 13 0 6 6 14 14 6 14 14 0 0 13 13 13 13 0 6 14 6 6 14 14 14 14 14 14 0 13 13 13 13 13 13 0 6 6 14 14 6 14 14 0 0 13 13 13 13 13 0 6 6 14 14 6 14 14 6 6 6 6 0 13 13 0 14 14 14 14 14 6 14 4 4 14 14 0 13 13 13 13 13 13 13 13 13 13 13 13 13 13 13 13 13 13 13 13 0 6 6 14 14 6 14 14 0 0 13 13 13 
13 0 6 6 14 14 14 14 14 6 14 14 14 0 13 13 13 13 13 0 6 14 6 6 14 14 14 14 14 14 0 13 13 0 6 6 14 14 14 14 14 6 14 14 14 0 13 13 13 13 13 0 6 14 6 6 14 14 14 14 14 14 0 13 13 13 0 6 14 6 6 14 14 14 14 14 14 6 6 0 13 0 14 14 14 6 6 14 14 14 4 0 0 0 13 13 13 13 13 13 13 0 0 0 0 0 13 13 13 13 13 13 13 13 0 6 14 6 6 14 14 14 14 14 14 0 13 13 
13 0 6 6 14 14 14 14 6 6 6 6 0 13 13 13 13 13 0 6 6 14 14 14 14 14 6 14 14 14 0 13 13 0 6 6 14 14 14 14 6 6 6 6 0 13 13 13 13 13 0 6 6 14 14 14 14 14 6 14 14 14 0 13 13 0 6 6 14 14 14 14 14 6 14 14 14 6 0 13 13 0 14 14 6 6 14 14 6 6 4 4 0 13 13 13 13 13 13 13 0 4 4 4 4 4 0 0 13 13 13 13 13 0 6 6 14 14 14 14 14 6 14 14 14 0 0 13 
13 13 0 0 6 14 14 14 14 14 14 0 13 13 13 13 13 13 0 6 6 14 14 14 14 6 6 6 6 0 13 13 13 13 0 0 6 14 14 14 14 14 14 0 13 13 13 13 13 13 0 6 6 14 14 14 14 6 6 6 6 0 13 13 13 0 6 6 14 14 14 14 6 6 6 6 6 6 0 13 13 13 0 0 14 14 14 6 14 14 6 4 4 0 13 13 13 13 13 0 4 4 4 4 4 4 4 4 0 13 13 13 13 0 6 6 14 14 14 14 6 6 6 6 14 14 14 0 
13 13 13 0 6 4 6 6 6 4 0 13 13 13 13 13 13 13 13 0 0 6 14 14 14 14 14 14 0 13 13 13 13 13 0 6 6 6 6 6 4 6 0 13 13 13 13 13 13 13 13 0 0 6 14 14 14 14 14 14 0 0 13 13 13 13 0 0 6 6 14 14 14 14 14 6 6 0 13 13 13 13 0 6 6 6 4 6 14 14 14 4 4 0 13 13 13 13 13 0 6 6 14 14 6 14 14 0 0 13 13 13 13 13 0 0 6 14 14 6 6 6 6 6 14 14 0 13 
13 13 0 6 6 4 6 6 6 4 6 0 13 13 13 13 13 13 13 0 6 4 6 6 4 4 0 0 0 13 13 13 13 13 0 6 4 6 6 6 6 14 0 13 13 13 13 13 13 13 13 0 6 6 6 6 4 6 4 14 14 14 0 13 13 0 6 6 6 6 6 4 6 4 6 6 0 13 13 13 13 13 0 6 6 6 6 6 14 14 4 4 0 13 13 13 13 13 0 6 14 6 6 14 14 14 14 14 14 0 13 13 13 13 13 0 6 4 6 6 6 6 6 0 0 0 13 13 
13 0 6 6 6 4 6 6 6 4 6 6 0 13 13 13 13 13 0 6 4 4 6 6 6 6 0 14 14 0 13 13 13 13 0 4 4 6 6 6 6 14 14 0 13 13 13 13 13 13 0 6 6 6 6 6 4 6 4 14 14 14 0 13 13 0 6 6 14 6 6 4 6 4 6 4 0 13 0 13 13 13 0 6 6 6 6 4 4 6 6 0 0 13 13 13 13 13 0 6 14 14 14 14 14 6 14 14 14 0 13 13 13 13 13 0 4 4 4 6 6 4 0 13 13 13 13 13 
13 0 6 6 6 14 4 4 4 14 6 6 6 0 13 13 13 13 0 4 4 4 6 6 6 6 6 14 14 14 0 13 13 13 0 4 4 4 4 4 4 14 14 0 13 13 13 13 13 0 14 14 14 4 4 4 14 4 4 0 6 0 13 13 13 0 6 14 14 14 4 4 14 4 4 4 0 0 6 0 13 13 13 0 6 4 4 4 4 6 6 6 6 0 13 13 13 13 0 6 6 14 14 14 6 6 6 6 0 13 13 13 13 13 0 4 4 4 4 4 4 4 0 13 13 13 13 13 
13 0 14 14 14 4 4 4 4 4 14 14 14 0 13 13 13 0 6 6 4 4 4 4 6 6 6 14 14 14 0 13 13 13 13 0 4 4 4 4 4 4 4 0 13 13 13 13 13 0 14 14 0 4 4 4 4 4 6 6 6 0 13 13 13 0 0 14 14 6 4 4 4 4 4 4 4 6 6 0 13 13 13 13 0 4 4 4 6 6 14 14 6 0 0 13 13 0 6 6 4 14 14 14 14 14 14 6 6 0 13 13 13 0 0 4 4 4 4 4 4 6 4 0 13 13 13 13 
13 13 0 14 14 4 4 4 4 4 14 14 0 13 13 13 13 0 6 6 4 4 4 4 6 4 4 0 0 0 13 13 13 13 13 0 4 4 4 6 6 4 4 0 13 13 13 13 13 13 0 6 6 4 4 4 4 4 6 6 6 0 13 13 0 6 6 4 4 6 6 4 4 4 4 4 4 6 6 0 13 13 13 13 13 0 4 4 6 14 14 14 0 0 6 0 13 0 6 6 14 14 6 6 6 14 6 14 6 0 13 13 0 6 6 4 4 4 4 4 6 4 4 0 13 13 13 13 
13 13 0 4 4 4 4 0 4 4 4 4 0 13 13 13 13 0 6 6 4 4 0 0 4 4 4 0 13 13 13 13 13 13 13 13 0 6 4 6 6 6 0 13 13 13 13 13 13 13 0 6 6 4 4 4 4 0 6 6 6 0 13 13 0 6 6 4 4 4 6 6 6 4 4 4 4 6 6 0 13 13 13 13 13 13 0 0 4 14 4 4 6 6 6 0 13 0 6 14 14 4 4 4 4 4 4 14 14 0 13 13 0 6 6 4 4 4 4 0 4 4 4 0 13 13 13 13 
13 13 0 6 6 6 0 13 0 6 6 6 0 13 13 13 13 0 6 0 0 0 13 13 0 6 6 6 0 13 13 13 13 13 13 0 6 6 6 0 0 6 0 13 13 13 13 13 13 13 0 6 6 0 0 0 0 13 0 0 0 13 13 13 0 6 6 4 4 4 4 0 0 0 0 0 0 0 0 13 13 13 13 13 13 13 13 13 0 4 6 6 6 6 0 13 13 13 0 6 6 6 4 4 4 4 6 6 6 0 13 13 0 6 6 0 4 4 0 13 0 6 6 6 0 13 13 13 
13 0 6 6 6 6 0 13 0 6 6 6 6 0 13 13 13 13 0 13 13 13 13 13 0 6 6 6 6 0 13 13 13 13 13 13 0 6 6 6 0 0 13 13 13 13 13 13 13 13 13 0 6 6 0 13 13 13 13 13 13 13 13 13 0 6 0 0 0 0 0 13 13 13 13 13 13 13 13 13 13 13 13 13 13 13 13 13 13 0 6 6 6 0 13 13 13 0 6 6 6 6 0 0 0 0 6 6 6 6 0 13 0 6 0 13 0 0 13 13 0 6 6 6 6 0 13 13 
13 13 0 0 0 0 13 13 13 0 0 0 0 13 13 13 13 13 13 13 13 13 13 13 13 0 0 0 0 13 13 13 13 13 13 13 13 0 0 0 13 13 13 13 13 13 13 13 13 13 13 13 0 0 13 13 13 13 13 13 13 13 13 13 13 0 13 13 13 13 13 13 13 13 13 13 13 13 13 13 13 13 13 13 13 13 13 13 13 13 0 0 0 13 13 13 13 13 0 0 0 0 13 13 13 13 0 0 0 0 13 13 13 0 13 13 13 13 13 13 13 0 0 0 0 13 13 13 
