108 20
---
-1 -1 -1 -1 -1 -1 -1 -1 -1 -1 -1 -1 -1 -1 -1 -1 -1 -1 -1 -1 -1 -1 -1 -1 -1 -1 -1 8 8 6 6 6 8 8 8 8 8 8 8 8 8 8 8 8 8 8 8 -1 -1 8 8 8 8 8 8 8 8 8 -1 8 8 8 8 -1 8 8 8 8 8 8 8 8 8 8 -1 -1 -1 -1 -1 -1 -1 -1 -1 -1 -1 -1 -1 -1 -1 -1 -1 -1 -1 -1 -1 -1 -1 -1 -1 -1 -1 -1 -1 -1 -1 -1 -1 -1 
-1 -1 -1 -1 -1 -1 -1 -1 -1 -1 -1 -1 -1 -1 -1 -1 -1 -1 -1 -1 -1 -1 -1 -1 -1 -1 -1 8 8 6 14 6 15 8 15 8 15 8 15 8 15 8 15 8 15 8 8 -1 8 8 15 15 8 8 15 15 15 8 8 8 15 15 8 8 8 15 15 8 8 15 15 15 15 8 -1 -1 -1 -1 -1 -1 -1 -1 -1 -1 -1 -1 -1 -1 -1 -1 -1 -1 -1 -1 -1 -1 -1 -1 -1 -1 -1 -1 -1 -1 -1 -1 -1 -1 
-1 -1 -1 -1 -1 -1 -1 -1 -1 -1 -1 -1 -1 -1 -1 -1 -1 -1 -1 -1 -1 -1 -1 -1 -1 -1 -1 6 6 6 6 6 6 6 8 8 8 8 8 8 8 8 8 8 8 8 8 -1 8 15 8 8 15 8 15 8 8 15 8 15 8 8 15 8 15 8 8 15 8 15 8 8 8 8 -1 -1 -1 -1 -1 -1 -1 -1 -1 -1 -1 -1 -1 -1 -1 -1 -1 -1 -1 -1 -1 -1 -1 -1 -1 -1 -1 -1 -1 -1 -1 -1 -1 -1 
-1 -1 -1 -1 -1 -1 -1 -1 -1 -1 -1 -1 -1 -1 -1 -1 -1 -1 -1 -1 -1 -1 -1 -1 -1 -1 -1 6 14 6 14 6 14 6 8 15 8 15 8 15 8 15 8 15 8 15 8 -1 8 15 8 8 8 8 15 8 8 15 8 15 8 8 15 8 15 8 8 8 8 15 8 8 8 -1 -1 -1 -1 -1 -1 -1 -1 -1 -1 -1 -1 -1 -1 -1 -1 -1 -1 -1 -1 -1 -1 -1 -1 -1 -1 -1 -1 -1 -1 -1 -1 -1 -1 -1 
-1 -1 -1 -1 -1 -1 -1 -1 -1 -1 -1 -1 -1 -1 -1 -1 -1 -1 -1 -1 -1 -1 -1 -1 -1 -1 -1 6 6 6 6 6 6 6 8 8 8 8 8 8 8 8 6 6 6 8 8 -1 8 8 15 15 8 8 15 15 15 8 8 15 15 15 15 8 15 8 -1 -1 8 15 15 15 8 -1 -1 -1 -1 -1 -1 -1 -1 -1 -1 -1 -1 -1 -1 -1 -1 -1 -1 -1 -1 -1 -1 -1 -1 -1 -1 -1 -1 -1 -1 -1 -1 -1 -1 -1 
8 8 8 8 8 -1 -1 -1 -1 -1 -1 -1 -1 -1 -1 -1 -1 -1 -1 -1 -1 -1 -1 -1 -1 -1 -1 8 8 15 8 15 8 15 8 15 8 15 8 15 8 8 6 14 6 8 8 -1 8 8 8 8 15 8 15 8 8 8 8 15 8 8 15 8 15 8 8 8 8 15 8 8 8 -1 -1 -1 -1 8 8 8 -1 -1 -1 -1 -1 -1 -1 -1 -1 -1 -1 -1 -1 -1 8 8 8 -1 -1 -1 -1 -1 -1 -1 -1 -1 -1 -1 
8 15 15 15 8 8 -1 -1 -1 -1 -1 -1 -1 -1 -1 -1 -1 -1 -1 -1 -1 -1 -1 -1 -1 -1 -1 8 8 8 8 3 3 3 3 3 3 3 3 3 6 6 6 6 6 6 6 -1 8 15 8 8 15 8 15 8 -1 -1 8 15 8 8 15 8 15 8 8 15 8 15 8 8 8 8 -1 -1 -1 8 15 8 -1 -1 -1 -1 -1 -1 -1 -1 -1 -1 -1 -1 -1 -1 8 15 8 -1 -1 -1 -1 -1 -1 -1 -1 -1 -1 -1 
8 15 8 8 15 8 8 8 8 8 8 8 8 8 -1 8 8 8 8 8 8 8 8 8 8 -1 -1 8 15 8 15 3 11 11 11 11 11 11 11 3 6 14 6 14 6 14 6 -1 8 8 15 15 8 8 15 8 -1 -1 8 15 8 8 15 8 8 15 15 8 8 15 15 15 15 8 -1 -1 -1 8 15 8 8 8 8 8 8 -1 -1 -1 -1 8 8 8 8 8 8 15 8 -1 8 8 8 8 8 8 8 8 8 8 
8 15 8 8 15 8 15 8 15 8 8 15 15 8 8 8 15 15 15 8 8 15 15 15 8 -1 -1 8 8 8 8 3 3 3 3 3 3 3 3 3 6 6 6 6 6 6 6 -1 -1 8 8 8 8 8 8 8 -1 -1 8 8 8 8 8 8 8 8 8 8 8 8 8 8 8 8 -1 -1 -1 8 15 15 8 8 15 15 8 8 -1 -1 -1 8 15 15 15 8 8 15 8 -1 8 15 15 8 8 15 8 8 15 8 
8 15 15 15 8 8 15 15 8 8 15 8 8 15 8 15 8 8 8 8 15 8 8 8 8 -1 -1 -1 -1 -1 -1 -1 -1 -1 -1 -1 -1 -1 -1 -1 -1 -1 -1 -1 -1 -1 -1 -1 -1 -1 -1 -1 -1 -1 -1 -1 -1 -1 -1 -1 -1 -1 -1 -1 -1 -1 -1 -1 -1 -1 -1 -1 -1 -1 -1 -1 -1 8 15 8 8 15 8 8 15 8 -1 -1 -1 8 15 8 8 15 8 15 8 -1 8 8 8 15 8 15 8 8 15 8 
8 15 8 8 8 8 15 8 8 8 15 15 15 15 8 8 15 15 8 8 8 15 15 8 8 -1 -1 -1 15 15 15 15 15 15 15 15 15 15 15 15 15 15 15 15 15 15 -1 -1 -1 -1 -1 -1 -1 -1 -1 -1 -1 -1 -1 -1 -1 -1 -1 -1 -1 -1 -1 -1 -1 -1 -1 -1 -1 -1 -1 -1 -1 8 15 8 8 15 8 8 15 8 -1 -1 -1 8 15 8 8 15 8 15 8 8 8 15 15 15 8 15 8 8 15 8 
8 15 8 -1 -1 8 15 8 -1 8 15 8 8 8 8 8 8 8 15 8 8 8 8 15 8 -1 -1 -1 15 0 0 0 0 0 8 8 8 8 8 0 0 12 0 12 12 15 -1 -1 8 8 8 8 8 8 8 8 8 8 8 8 8 8 8 8 8 8 8 8 8 8 8 8 8 8 8 -1 -1 8 15 8 8 15 8 8 15 8 -1 -1 -1 8 15 15 15 8 8 15 8 8 15 8 8 15 8 8 15 15 15 8 
8 15 8 -1 -1 8 15 8 -1 8 8 15 15 15 8 15 15 15 8 8 15 15 15 8 8 -1 -1 -1 15 0 6 6 6 0 0 0 0 0 0 0 0 0 0 0 0 15 -1 8 8 15 15 8 8 15 15 15 15 15 8 8 15 15 8 8 15 15 15 8 8 15 15 15 15 15 8 -1 -1 8 8 15 8 8 15 15 8 8 -1 -1 -1 8 15 8 8 8 8 8 15 8 8 15 15 15 8 8 8 8 15 8 
8 8 8 -1 -1 8 8 8 -1 -1 8 8 8 8 8 8 8 8 8 8 8 8 8 8 -1 -1 -1 -1 15 6 6 14 6 6 0 0 0 0 0 15 15 15 15 15 15 15 -1 8 15 8 8 15 8 8 8 15 8 8 8 15 8 8 15 8 15 8 8 15 8 8 8 15 8 8 8 -1 -1 -1 8 8 8 8 8 8 8 -1 -1 -1 -1 8 15 8 -1 -1 -1 8 8 8 8 8 8 8 8 8 15 15 8 8 
-1 -1 -1 -1 -1 -1 -1 -1 -1 -1 -1 -1 -1 -1 -1 -1 -1 -1 -1 -1 -1 -1 -1 -1 -1 -1 -1 -1 15 6 14 14 14 6 15 15 3 3 3 3 12 12 15 12 12 15 -1 8 15 8 8 8 8 -1 8 15 8 -1 8 15 8 8 15 8 15 8 8 15 8 -1 8 15 8 -1 -1 -1 -1 -1 -1 -1 -1 -1 -1 -1 -1 -1 -1 -1 -1 8 8 8 -1 -1 -1 -1 -1 -1 -1 -1 -1 -1 -1 8 8 8 8 -1 
-1 -1 -1 -1 -1 -1 -1 -1 -1 -1 -1 -1 -1 -1 -1 -1 -1 -1 -1 -1 -1 -1 -1 -1 -1 -1 -1 -1 15 6 6 14 6 6 8 8 3 11 11 3 12 12 15 12 12 15 -1 8 8 15 15 8 8 -1 8 15 8 -1 8 15 15 15 15 8 15 15 15 8 8 -1 8 15 8 -1 -1 -1 -1 -1 -1 -1 -1 -1 -1 -1 -1 -1 -1 -1 -1 -1 -1 -1 -1 -1 -1 -1 -1 -1 -1 -1 -1 -1 -1 -1 -1 -1 -1 -1 
-1 -1 -1 -1 -1 -1 -1 -1 -1 -1 -1 -1 -1 -1 -1 -1 -1 -1 -1 -1 -1 -1 -1 -1 -1 -1 -1 -1 15 0 6 6 6 0 15 15 3 3 3 3 15 15 15 15 15 15 -1 8 8 8 8 15 8 -1 8 15 8 -1 8 15 8 8 15 8 15 8 8 15 8 -1 8 15 8 -1 -1 -1 -1 -1 -1 -1 -1 -1 -1 -1 -1 -1 -1 -1 -1 -1 -1 -1 -1 -1 -1 -1 -1 -1 -1 -1 -1 -1 -1 -1 -1 -1 -1 -1 
-1 -1 -1 -1 -1 -1 -1 -1 -1 -1 -1 -1 -1 -1 -1 -1 -1 -1 -1 -1 -1 -1 -1 -1 -1 -1 -1 -1 15 0 0 0 0 0 0 0 0 0 0 0 0 12 0 0 12 15 -1 8 15 8 8 15 8 -1 8 15 8 -1 8 15 8 8 15 8 15 8 8 15 8 -1 8 15 8 -1 -1 -1 -1 -1 -1 -1 -1 -1 -1 -1 -1 -1 -1 -1 -1 -1 -1 -1 -1 -1 -1 -1 -1 -1 -1 -1 -1 -1 -1 -1 -1 -1 -1 -1 
-1 -1 -1 -1 -1 -1 -1 -1 -1 -1 -1 -1 -1 -1 -1 -1 -1 -1 -1 -1 -1 -1 -1 -1 -1 -1 -1 -1 15 15 15 15 15 15 15 15 15 15 15 15 15 15 15 15 15 15 -1 8 8 15 15 8 8 -1 8 15 8 -1 8 15 8 8 15 8 15 8 8 15 8 -1 8 15 8 -1 -1 -1 -1 -1 -1 -1 -1 -1 -1 -1 -1 -1 -1 -1 -1 -1 -1 -1 -1 -1 -1 -1 -1 -1 -1 -1 -1 -1 -1 -1 -1 -1 -1 -1 
-1 -1 -1 -1 -1 -1 -1 -1 -1 -1 -1 -1 -1 -1 -1 -1 -1 -1 -1 -1 -1 -1 -1 -1 -1 -1 -1 -1 8 8 8 8 8 8 8 8 8 8 8 8 8 8 8 8 8 8 -1 -1 8 8 8 8 8 -1 8 8 8 -1 8 8 8 8 8 8 8 8 8 8 8 -1 8 8 8 -1 -1 -1 -1 -1 -1 -1 -1 -1 -1 -1 -1 -1 -1 -1 -1 -1 -1 -1 -1 -1 -1 -1 -1 -1 -1 -1 -1 -1 -1 -1 -1 -1 -1 -1 
