91 10
---
8 8 8 8 8 -1 -1 -1 -1 -1 -1 -1 -1 -1 -1 -1 -1 -1 -1 -1 -1 -1 -1 -1 -1 -1 -1 -1 -1 -1 8 8 8 8 8 8 8 8 8 -1 8 8 8 8 -1 8 8 8 8 8 8 8 8 8 8 -1 -1 -1 -1 8 8 8 -1 -1 -1 -1 -1 -1 -1 -1 -1 -1 -1 -1 -1 -1 -1 8 8 8 -1 -1 -1 -1 -1 -1 -1 -1 -1 -1 -1 
8 15 15 15 8 8 -1 -1 -1 -1 -1 -1 -1 -1 -1 -1 -1 -1 -1 -1 -1 -1 -1 -1 -1 -1 -1 -1 -1 8 8 15 15 8 8 15 15 15 8 8 8 15 15 8 8 8 15 15 8 8 15 15 15 15 8 -1 -1 -1 -1 8 15 8 -1 -1 -1 -1 -1 -1 -1 -1 -1 -1 -1 -1 -1 -1 -1 8 15 8 -1 -1 -1 -1 -1 -1 -1 -1 -1 -1 -1 
8 15 8 8 15 8 8 8 8 8 8 8 8 8 -1 8 8 8 8 8 8 8 8 8 8 -1 -1 -1 -1 8 15 8 8 15 8 15 8 8 15 8 15 8 8 15 8 15 8 8 15 8 15 8 8 8 8 -1 -1 -1 -1 8 15 8 8 8 8 8 8 -1 -1 -1 -1 -1 8 8 8 8 8 8 15 8 -1 8 8 8 8 8 8 8 8 8 8 
8 15 8 8 15 8 15 8 15 8 8 15 15 8 8 8 15 15 15 8 8 15 15 15 8 -1 -1 -1 -1 8 15 8 8 8 8 15 8 8 15 8 15 8 8 15 8 15 8 8 8 8 15 8 8 8 -1 -1 -1 -1 -1 8 15 15 8 8 15 15 8 8 -1 -1 -1 -1 8 15 15 15 8 8 15 8 -1 8 15 15 8 8 15 8 8 15 8 
8 15 15 15 8 8 15 15 8 8 15 8 8 15 8 15 8 8 8 8 15 8 8 8 8 -1 -1 -1 -1 8 8 15 15 8 8 15 15 15 8 8 15 15 15 15 8 15 8 -1 -1 8 15 15 15 8 -1 -1 -1 -1 -1 8 15 8 8 15 8 8 15 8 -1 -1 -1 -1 8 15 8 8 15 8 15 8 -1 8 8 8 15 8 15 8 8 15 8 
8 15 8 8 8 8 15 8 8 8 15 15 15 15 8 8 15 15 8 8 8 15 15 8 8 -1 -1 -1 -1 8 8 8 8 15 8 15 8 8 8 8 15 8 8 15 8 15 8 8 8 8 15 8 8 8 -1 -1 -1 -1 -1 8 15 8 8 15 8 8 15 8 -1 -1 -1 -1 8 15 8 8 15 8 15 8 8 8 15 15 15 8 15 8 8 15 8 
8 15 8 -1 -1 8 15 8 -1 8 15 8 8 8 8 8 8 8 15 8 8 8 8 15 8 -1 -1 -1 -1 8 15 8 8 15 8 15 8 -1 -1 8 15 8 8 15 8 15 8 8 15 8 15 8 8 8 8 -1 -1 -1 -1 8 15 8 8 15 8 8 15 8 -1 -1 -1 -1 8 15 15 15 8 8 15 8 8 15 8 8 15 8 8 15 15 15 8 
8 15 8 -1 -1 8 15 8 -1 8 8 15 15 15 8 15 15 15 8 8 15 15 15 8 8 -1 -1 -1 -1 8 8 15 15 8 8 15 8 -1 -1 8 15 8 8 15 8 8 15 15 8 8 15 15 15 15 8 -1 -1 -1 -1 8 8 15 8 8 15 15 8 8 -1 -1 -1 -1 8 15 8 8 8 8 8 15 8 8 15 15 15 8 8 8 8 15 8 
8 8 8 -1 -1 8 8 8 -1 -1 8 8 8 8 8 8 8 8 8 8 8 8 8 8 -1 -1 -1 -1 -1 -1 8 8 8 8 8 8 8 -1 -1 8 8 8 8 8 8 8 8 8 8 8 8 8 8 8 8 -1 -1 -1 -1 -1 8 8 8 8 8 8 8 -1 -1 -1 -1 -1 8 15 8 -1 -1 -1 8 8 8 8 8 8 8 8 8 15 15 8 8 
-1 -1 -1 -1 -1 -1 -1 -1 -1 -1 -1 -1 -1 -1 -1 -1 -1 -1 -1 -1 -1 -1 -1 -1 -1 -1 -1 -1 -1 -1 -1 -1 -1 -1 -1 -1 -1 -1 -1 -1 -1 -1 -1 -1 -1 -1 -1 -1 -1 -1 -1 -1 -1 -1 -1 -1 -1 -1 -1 -1 -1 -1 -1 -1 -1 -1 -1 -1 -1 -1 -1 -1 8 8 8 -1 -1 -1 -1 -1 -1 -1 -1 -1 -1 -1 8 8 8 8 -1 
