8 8
2 2
---
6 6 6 6 6 6 6 6 12 12 12 12 12 0 12 12 
6 6 15 15 15 6 6 6 12 12 12 12 12 0 12 12 
6 6 15 6 15 6 6 6 0 0 0 0 0 0 0 0 
6 6 6 6 15 6 6 6 12 12 0 12 12 12 12 12 
6 6 6 15 6 6 6 6 12 12 0 12 12 12 12 12 
6 6 6 6 6 6 6 6 0 0 0 0 0 0 0 0 
6 6 6 15 6 6 6 6 12 12 12 12 12 0 12 12 
6 6 6 6 6 6 6 6 12 12 12 12 12 0 12 12 
14 14 14 14 14 14 14 14 2 2 2 2 2 2 2 2 
14 14 14 14 14 14 14 14 2 2 2 2 2 2 2 2 
14 14 14 14 14 14 14 14 2 2 2 2 2 2 2 2 
14 14 14 14 14 14 14 14 14 14 2 2 14 14 2 2 
14 14 14 14 14 14 14 14 14 14 14 14 14 14 14 14 
14 14 14 14 14 14 14 14 14 14 14 14 14 14 14 14 
14 14 14 14 14 14 14 14 14 14 14 14 14 14 14 14 
14 14 14 14 14 14 14 14 14 14 14 14 14 14 14 14 
