128 80
---
2 2 2 2 2 2 2 2 2 2 2 2 2 2 2 2 10 10 10 10 10 10 10 10 10 10 10 10 10 10 10 10 10 10 10 10 10 10 10 10 10 10 10 10 10 10 10 10 10 10 10 10 10 10 10 10 10 10 10 10 10 10 10 10 10 10 10 10 10 10 10 10 10 10 10 10 10 10 10 10 10 10 10 10 10 10 10 10 10 10 10 10 10 10 10 10 10 10 10 10 10 10 10 10 10 10 10 10 10 10 10 10 2 2 2 2 2 2 2 2 2 2 2 2 2 2 2 2 
2 2 2 2 2 2 2 2 2 2 2 2 2 2 10 10 10 10 10 10 10 10 10 10 10 10 10 10 10 10 10 10 10 10 10 10 10 10 10 10 10 10 10 10 10 10 10 10 10 10 10 10 10 10 10 10 10 10 10 10 10 10 10 10 10 10 10 10 10 10 10 10 10 10 10 10 10 10 10 10 10 10 10 10 10 10 10 10 10 10 10 10 10 10 10 10 10 10 10 10 10 10 10 10 10 10 10 10 10 10 10 10 10 10 2 2 2 2 2 2 2 2 2 2 2 2 2 2 
2 2 2 2 2 2 2 2 2 2 2 2 2 2 2 10 10 10 10 10 10 10 10 10 10 10 10 10 10 10 10 10 10 10 10 10 10 10 10 10 10 10 10 10 10 10 10 10 10 10 10 10 10 10 10 10 10 10 10 10 10 10 10 10 10 10 10 10 10 10 10 10 10 10 10 10 10 10 10 10 10 10 10 10 10 10 10 10 10 10 10 10 10 10 10 10 10 10 10 10 10 10 10 10 10 10 10 10 10 10 10 10 10 2 2 2 2 2 2 2 2 2 2 2 2 2 2 2 
2 2 2 2 2 2 2 2 2 2 2 2 10 2 2 10 10 10 10 10 10 10 10 10 10 10 10 10 10 10 10 10 10 10 10 10 10 10 10 10 10 10 10 10 10 10 10 10 10 10 10 10 10 10 10 10 10 10 10 10 10 10 10 10 10 10 10 10 10 10 10 10 10 10 10 10 10 10 10 10 10 10 10 10 10 10 10 10 10 10 10 10 10 10 10 10 10 10 10 10 10 10 10 10 10 10 10 10 10 10 10 10 10 2 2 10 2 2 2 2 2 2 2 2 2 2 2 2 
2 2 2 2 2 2 2 2 2 2 2 2 10 10 10 10 10 10 10 10 10 10 10 10 10 10 10 10 10 10 10 10 10 10 10 10 10 10 10 10 10 10 10 10 10 10 10 10 10 10 10 10 10 10 10 10 10 10 10 10 10 10 10 10 10 10 10 10 10 10 10 10 10 10 10 10 10 10 10 10 10 10 10 10 10 10 10 10 10 10 10 10 10 10 10 10 10 10 10 10 10 10 10 10 10 10 10 10 10 10 10 10 10 10 10 10 2 2 2 2 2 2 2 2 2 2 2 2 
2 2 2 2 2 2 2 10 2 2 2 2 10 10 10 10 10 10 10 10 10 10 10 10 10 10 10 10 10 10 10 10 14 14 14 10 10 10 10 10 10 10 10 10 10 10 10 10 10 10 10 10 10 10 10 10 10 10 10 10 10 10 10 10 10 10 10 10 10 10 10 10 10 10 10 10 10 10 10 10 10 10 10 10 10 10 10 10 10 10 10 10 10 10 10 10 10 10 10 10 10 10 10 10 10 10 10 10 10 10 10 10 10 10 10 10 2 2 2 2 10 2 2 2 2 2 2 2 
2 2 2 2 2 2 2 10 10 10 2 2 10 10 10 10 10 10 10 10 10 10 10 14 14 10 10 10 10 14 14 14 14 14 14 14 14 2 2 2 2 2 10 10 10 10 10 10 10 10 10 10 10 10 10 10 10 10 10 10 10 10 10 10 10 10 10 10 10 10 10 10 10 10 10 10 10 10 10 10 10 10 10 10 10 10 10 10 10 10 10 10 10 10 10 10 10 10 10 10 10 10 10 10 10 10 10 10 10 10 10 10 10 10 10 10 2 2 10 10 10 2 2 2 2 2 2 2 
2 2 2 2 2 2 2 10 10 10 10 10 10 10 10 10 10 10 10 10 14 14 14 14 14 14 8 6 14 14 14 14 14 14 14 14 14 14 2 2 2 2 2 2 10 10 10 10 10 10 10 10 10 10 10 10 10 10 10 10 10 10 10 10 10 10 10 10 10 10 10 10 10 10 10 10 10 10 10 10 10 10 10 10 10 10 10 10 10 10 10 10 10 10 10 10 10 10 10 14 14 14 14 10 10 10 10 10 10 10 10 10 10 10 10 10 10 10 10 10 10 2 2 2 2 2 2 2 
2 2 2 10 2 2 2 2 10 10 10 10 10 10 10 10 10 10 14 14 14 14 14 14 14 14 8 8 6 14 14 14 14 14 14 14 6 6 6 2 2 2 2 2 2 10 10 10 10 10 10 10 10 10 10 10 10 10 10 10 10 10 10 10 10 10 10 10 10 10 10 10 10 10 10 10 10 10 10 10 10 10 10 10 10 10 10 10 10 10 10 10 10 10 10 10 10 14 14 14 14 14 14 14 14 9 9 2 2 2 2 2 2 2 10 10 10 10 10 10 2 2 2 2 10 2 2 2 
2 2 10 10 10 10 2 2 10 10 10 10 10 10 10 14 14 14 14 14 14 14 14 14 14 14 14 6 8 6 14 14 14 14 6 6 6 6 6 6 2 2 2 2 10 10 10 10 10 10 10 10 10 10 10 10 10 10 10 10 10 10 10 10 10 10 10 10 10 10 10 10 10 10 10 10 10 10 10 10 10 10 10 10 10 10 10 10 10 10 10 10 10 10 6 6 14 14 14 14 14 14 14 14 14 14 6 8 9 2 2 2 2 2 2 2 10 10 10 10 2 2 10 10 10 10 2 2 
2 2 2 10 10 10 10 10 10 10 10 10 10 14 14 14 14 14 14 14 14 14 14 14 14 6 6 6 6 8 8 6 6 6 6 6 6 6 6 6 2 2 2 2 10 10 10 10 10 10 10 10 10 10 10 10 10 10 10 10 10 10 10 10 10 10 10 10 10 10 10 10 10 10 10 10 10 10 10 10 10 10 10 10 10 10 10 10 10 10 10 10 10 14 14 14 6 6 14 14 14 14 14 14 14 6 14 14 14 9 2 2 2 2 2 2 2 2 10 10 10 10 10 10 10 2 2 2 
2 2 2 2 10 10 10 10 10 10 10 10 14 6 14 14 14 14 14 14 14 14 14 6 6 6 6 6 6 6 8 8 6 8 6 6 6 6 6 6 6 9 2 10 10 10 10 10 10 10 10 10 10 10 10 10 10 10 10 10 10 10 10 10 10 10 10 10 10 2 10 10 2 2 10 10 10 10 10 10 10 10 10 10 10 10 10 10 10 10 10 10 14 14 14 14 14 14 6 6 14 14 14 14 6 14 14 14 14 14 14 14 14 2 2 2 2 2 2 2 2 2 10 10 2 2 2 2 
2 2 2 10 10 10 10 10 10 10 10 14 14 14 6 14 14 14 14 14 14 6 6 6 6 6 6 6 6 6 6 8 8 6 8 6 6 6 6 6 6 6 10 10 10 10 10 10 10 10 10 10 10 10 10 10 10 2 10 10 10 10 10 10 10 10 10 10 10 2 10 2 2 10 10 10 10 10 10 10 10 10 10 10 10 10 10 10 10 10 10 10 14 14 14 14 14 14 14 14 6 6 6 8 14 14 14 14 14 14 14 14 14 14 14 14 2 2 2 2 2 2 2 10 10 2 2 2 
2 10 10 10 10 10 10 10 10 10 10 14 14 14 14 6 14 14 6 6 6 6 6 6 6 6 6 6 6 6 6 8 8 8 6 8 6 8 6 8 2 10 10 10 10 10 10 10 10 10 10 10 10 2 10 10 10 2 2 10 10 10 2 10 10 10 10 10 10 2 2 2 10 2 2 10 10 10 2 10 10 10 10 10 10 10 10 10 10 10 10 14 14 14 14 6 14 14 14 14 14 6 6 14 6 6 14 14 14 14 14 14 14 14 14 6 8 2 2 2 2 2 2 2 10 10 10 2 
10 10 10 10 10 10 10 10 10 10 14 14 14 14 14 14 6 6 6 6 6 6 6 6 6 6 6 6 6 6 6 6 8 8 8 8 8 6 2 2 10 10 10 10 10 10 10 10 2 10 10 10 10 2 2 10 2 2 2 2 10 2 10 10 10 10 10 10 10 10 2 10 10 10 2 10 10 2 2 10 10 10 10 10 10 10 10 10 10 10 10 14 14 14 6 14 14 14 14 14 14 6 8 14 14 14 6 6 6 14 14 14 14 14 6 6 6 8 2 2 2 2 2 2 2 2 10 10 
2 2 10 10 10 10 10 10 10 10 14 14 14 14 14 14 6 6 6 6 6 6 6 6 6 6 14 6 6 6 6 6 6 8 8 8 2 2 2 10 10 10 10 2 2 10 10 2 2 10 10 10 10 10 2 2 2 10 10 2 2 2 10 10 10 10 10 10 10 10 10 10 10 10 2 2 2 10 10 2 10 10 10 10 10 10 10 10 10 10 14 14 14 6 14 14 14 14 14 14 14 6 14 14 14 14 14 14 14 6 6 14 14 6 6 6 8 6 9 2 2 2 2 2 2 2 2 2 
2 10 10 10 10 10 10 10 10 14 14 14 14 14 14 14 8 6 6 6 6 6 6 6 6 8 6 14 6 6 6 6 6 6 8 2 2 2 10 10 10 10 10 10 2 2 10 2 10 10 10 10 10 10 2 2 10 10 10 10 10 10 10 10 10 10 10 10 10 10 10 10 10 10 10 2 2 10 10 2 2 10 2 2 10 10 10 10 10 14 14 14 14 14 6 14 14 14 14 14 6 8 14 14 14 14 14 14 14 14 14 6 6 6 6 6 6 8 8 9 2 2 2 2 2 2 10 2 
10 10 10 10 10 10 10 10 10 14 14 14 14 14 14 14 6 6 6 6 6 6 6 8 8 6 6 14 6 6 6 6 6 6 6 9 2 10 10 10 10 10 10 10 11 2 2 2 10 10 10 10 10 10 10 10 10 10 10 10 10 10 10 10 10 10 10 10 10 10 10 10 10 10 10 10 10 10 10 10 2 2 2 10 10 10 10 10 10 14 14 14 14 14 14 6 6 14 14 14 6 8 14 14 14 14 14 14 14 14 14 14 6 6 6 6 6 6 8 9 9 2 2 2 2 10 10 10 
10 10 10 10 10 10 10 10 10 14 14 14 14 14 14 14 8 6 6 6 6 6 8 6 6 6 6 6 14 6 6 6 6 6 6 6 2 10 10 10 10 10 10 10 11 11 2 10 10 10 11 10 10 10 10 10 11 10 10 11 10 10 10 11 10 10 10 10 10 11 10 10 10 10 10 10 10 10 10 10 2 2 10 10 10 10 10 10 10 10 14 14 14 14 14 14 14 14 14 14 6 14 6 6 14 14 14 14 14 14 14 14 6 6 6 6 6 8 6 8 9 2 2 2 10 10 10 10 
10 10 10 10 10 10 10 10 14 14 14 14 14 14 14 14 6 8 6 6 6 6 6 6 6 6 6 6 14 6 6 6 6 6 6 6 6 10 10 10 10 11 11 10 10 11 11 2 10 11 11 10 10 11 10 10 11 11 10 11 11 10 10 11 10 10 11 10 10 11 10 10 10 10 10 10 10 10 10 10 10 10 10 10 10 10 10 10 10 10 10 10 14 14 14 14 14 14 14 6 8 14 14 14 6 6 14 14 14 14 14 14 6 6 6 6 6 6 8 9 2 2 2 10 10 10 10 10 
10 10 10 10 10 10 10 10 14 14 14 14 14 14 14 14 8 6 6 6 6 6 6 6 6 6 14 14 6 6 6 6 6 6 6 2 2 10 10 10 10 11 11 11 11 11 11 6 6 11 11 11 11 2 11 10 11 11 11 11 11 2 11 11 11 11 11 11 10 11 10 11 10 10 10 11 10 10 10 11 10 10 10 10 10 11 10 10 11 10 10 10 10 10 14 14 14 14 14 6 14 14 14 14 14 14 6 6 14 14 14 14 6 6 6 6 6 8 8 2 2 2 10 10 10 10 10 10 
10 10 10 10 10 10 10 10 10 14 14 14 14 14 14 14 6 8 6 6 6 6 6 6 14 14 6 6 6 6 6 6 6 2 2 10 10 10 10 11 11 11 11 2 2 6 6 14 14 11 11 11 2 2 11 11 11 2 2 11 11 6 11 11 11 2 2 11 11 11 6 11 11 10 11 11 10 10 11 11 10 10 11 10 10 11 11 10 11 11 10 10 10 10 10 10 14 14 6 6 14 14 14 14 14 14 14 6 14 14 14 14 6 6 6 6 8 6 9 2 10 10 10 10 10 10 10 10 
10 10 10 10 10 10 10 10 10 10 14 14 14 14 14 14 14 6 8 6 6 6 14 14 6 6 6 6 6 6 6 10 10 10 10 11 10 10 10 10 11 11 11 6 14 14 14 14 14 11 11 2 14 14 2 11 11 6 14 2 6 6 11 11 2 6 14 2 11 11 6 2 11 11 11 6 6 6 11 11 11 11 2 11 10 11 11 11 11 11 10 10 10 10 10 10 10 10 6 10 14 14 14 14 14 14 14 6 6 14 14 14 6 6 6 6 6 9 2 10 10 10 10 10 10 10 10 10 
10 10 10 10 10 10 10 10 10 10 10 14 14 14 14 14 14 8 6 6 6 6 6 6 6 6 6 6 6 2 10 10 10 10 10 10 11 6 6 6 2 11 11 6 14 14 14 14 14 6 2 14 14 14 14 2 6 14 14 14 14 14 6 6 14 14 14 14 2 6 14 14 2 11 11 6 14 14 11 11 11 2 2 11 11 11 2 2 11 11 2 10 10 10 10 11 10 10 10 10 10 14 14 14 14 14 14 6 6 14 14 14 6 6 6 6 8 2 10 10 10 10 10 10 10 10 10 10 
10 10 10 10 10 10 10 10 10 10 10 10 14 14 14 14 14 6 8 6 8 6 6 6 6 6 2 2 10 10 10 10 10 11 11 11 11 11 6 14 14 2 6 14 14 14 14 14 14 14 14 14 14 14 14 14 14 14 14 14 14 14 14 14 14 14 14 14 14 14 14 14 14 2 6 14 14 14 11 11 2 14 14 2 11 11 14 14 2 6 6 6 10 2 11 11 10 10 10 10 10 10 10 14 14 14 14 6 6 14 14 14 6 6 6 6 2 10 10 10 10 10 10 10 10 10 10 10 
10 10 10 10 10 10 10 10 10 10 10 10 10 14 14 14 14 8 6 8 6 8 6 2 2 10 10 10 10 10 11 10 10 2 11 11 11 11 6 14 14 14 14 14 14 14 14 14 14 14 14 14 14 14 14 14 14 14 14 14 14 14 14 14 14 14 14 14 14 14 14 14 14 14 14 14 14 14 6 2 14 14 14 14 2 6 14 14 14 14 14 14 6 11 11 10 10 11 11 10 10 10 10 10 14 14 14 6 6 14 14 14 6 6 6 2 10 10 10 10 10 10 10 10 10 10 10 10 
10 10 10 10 10 10 10 10 10 10 10 10 10 10 14 14 14 8 8 6 8 9 2 10 10 10 10 10 10 10 11 11 2 6 14 2 2 6 6 14 14 14 14 14 14 14 14 14 14 14 14 14 14 14 14 14 14 14 14 14 14 14 14 14 14 14 14 14 14 14 14 14 14 14 14 14 14 14 14 14 14 14 14 14 14 14 14 14 14 14 14 14 14 11 11 11 11 11 11 10 10 10 10 10 10 14 14 6 6 14 14 14 6 6 2 10 10 10 10 10 10 10 10 10 10 10 10 10 
10 10 10 10 10 10 10 10 10 10 10 10 10 10 10 14 14 8 8 8 9 2 10 10 10 10 10 11 11 10 10 11 11 6 14 14 14 14 14 14 14 14 14 14 14 14 14 14 14 14 14 14 14 14 14 14 14 14 14 14 14 14 14 14 14 14 14 14 14 14 14 14 14 14 14 14 14 14 14 14 14 14 14 14 14 14 14 14 14 14 14 14 14 14 6 6 2 11 11 11 11 10 10 10 10 10 14 6 10 14 14 14 6 6 10 10 10 10 10 10 10 10 10 10 10 10 10 10 
10 10 10 10 10 10 10 10 10 10 10 10 10 10 10 10 14 8 8 2 10 10 10 10 10 10 10 11 11 11 11 11 11 6 14 14 14 14 14 14 14 14 14 14 14 14 14 14 14 14 14 14 14 14 14 14 14 14 14 14 14 14 14 14 14 14 14 14 14 14 14 14 14 14 14 14 14 14 14 14 14 14 14 14 14 14 14 14 14 14 14 14 14 14 14 14 14 11 11 11 10 10 10 10 10 10 10 10 10 10 14 14 6 10 10 10 10 10 10 10 10 10 10 10 10 10 10 10 
10 10 10 10 10 10 10 10 10 10 10 10 10 10 10 10 10 10 10 10 10 10 10 10 10 11 11 11 11 2 2 2 6 14 14 14 14 14 14 14 14 14 14 14 14 14 14 14 14 14 14 14 14 14 14 14 14 14 14 14 14 14 14 14 14 14 14 14 14 14 14 14 14 14 14 14 14 14 14 14 14 14 14 14 14 14 14 14 14 14 14 14 14 14 14 14 14 11 11 2 6 6 10 11 10 10 10 10 10 10 10 10 10 10 10 10 10 10 10 10 10 10 10 10 10 10 10 10 
10 10 10 10 10 10 10 10 10 10 10 10 10 10 10 10 10 10 10 10 10 10 10 10 10 10 11 11 11 6 14 14 14 14 14 14 14 14 14 14 14 14 14 14 14 14 14 14 14 14 14 14 14 14 14 14 14 14 14 14 14 14 14 14 14 14 14 14 14 14 14 14 14 14 14 14 14 14 14 14 14 14 14 14 14 14 14 14 14 14 14 14 14 14 14 14 14 6 6 14 14 6 11 11 10 10 10 10 10 10 10 10 10 2 2 2 10 10 10 10 10 10 10 10 10 10 10 10 
10 10 10 10 10 10 10 10 10 10 10 10 10 10 10 10 10 10 10 10 10 10 10 10 10 6 2 11 11 6 14 14 14 14 14 14 14 14 14 14 14 14 14 14 14 14 14 14 14 14 14 14 14 14 14 14 14 14 14 14 14 14 14 14 14 14 14 14 14 14 14 14 14 14 14 14 14 14 14 14 14 14 14 14 14 14 14 14 14 14 14 14 14 14 14 14 14 14 14 14 14 11 11 10 10 10 10 10 10 10 10 2 2 2 10 10 10 10 10 10 10 10 10 10 10 10 10 10 
10 10 10 10 10 10 10 10 10 10 10 10 10 10 10 10 2 2 2 10 10 10 10 11 10 6 14 2 6 6 14 14 14 14 14 14 14 14 14 14 14 14 10 10 10 14 14 14 14 14 14 14 14 14 14 14 14 14 14 14 14 14 14 14 14 14 14 14 14 14 14 14 14 14 14 14 14 14 14 14 14 14 14 14 14 14 14 14 14 14 14 14 14 14 14 14 14 14 14 14 14 11 11 11 11 11 10 10 10 10 2 2 10 10 10 10 10 10 10 10 10 10 10 10 10 10 10 10 
10 10 10 10 10 10 10 10 10 10 10 10 10 10 10 10 10 10 2 2 10 10 10 11 11 6 14 14 14 14 14 14 14 14 14 14 14 14 14 14 14 14 10 10 2 10 14 14 14 14 14 14 14 14 14 14 14 14 14 14 14 14 14 14 14 14 14 14 14 14 14 14 14 14 14 14 14 14 14 14 14 14 14 14 14 14 14 14 14 14 14 14 14 14 14 14 14 14 14 14 14 11 11 11 2 2 10 10 10 2 2 2 2 2 2 2 10 10 10 10 10 10 10 10 10 10 10 10 
10 10 10 10 10 10 10 10 10 10 10 10 10 10 10 10 10 10 10 2 2 10 10 10 11 11 14 14 14 14 14 14 14 14 14 14 14 14 14 14 14 14 14 10 10 2 0 0 0 0 0 0 0 0 0 0 14 0 0 0 0 0 0 0 0 0 0 0 0 0 0 0 14 0 0 0 0 0 0 0 0 0 0 0 0 14 14 14 14 14 14 14 14 14 14 14 14 14 14 14 14 14 6 2 14 6 10 10 10 10 10 10 10 10 2 2 10 10 10 10 10 10 10 10 10 10 10 10 
10 10 10 10 10 10 10 10 10 10 10 10 10 10 10 2 2 2 2 2 2 10 11 11 11 11 6 14 14 14 14 14 14 14 14 14 14 14 14 14 14 14 14 14 0 2 2 12 12 12 12 0 0 4 12 0 0 0 12 4 0 0 12 12 12 12 12 0 0 4 12 0 0 0 12 12 0 4 12 12 12 12 12 4 0 14 14 14 14 14 14 14 14 14 14 14 14 14 14 14 14 14 14 14 14 14 11 11 10 10 10 10 10 2 2 10 10 10 10 10 10 10 10 10 10 10 10 10 
10 10 10 10 10 10 10 10 10 10 10 10 10 10 10 10 2 10 10 10 10 10 10 11 11 11 6 14 14 14 14 14 14 14 14 14 14 14 14 14 14 14 14 14 0 12 2 15 12 12 12 12 0 12 15 12 0 0 12 12 0 12 15 15 12 12 12 12 0 12 15 0 0 12 12 12 0 12 15 15 12 12 12 12 0 14 14 14 14 14 14 14 14 14 14 14 14 14 14 14 14 14 14 14 14 11 11 10 10 10 10 10 10 2 2 2 10 10 10 10 10 10 10 10 10 10 10 10 
10 10 10 10 10 10 10 10 10 10 10 10 10 10 10 10 2 2 10 10 10 10 10 2 2 6 6 14 14 14 14 14 14 14 14 14 14 14 14 14 14 14 14 14 0 12 15 4 13 13 12 4 0 12 15 15 12 0 12 12 0 12 15 4 4 4 12 12 0 12 15 0 12 12 12 13 0 12 15 4 4 4 13 13 0 14 14 14 14 14 14 14 14 14 14 14 14 14 14 14 14 14 14 14 11 11 10 10 10 10 10 10 10 10 10 2 2 2 10 10 10 10 10 10 10 10 10 10 
10 10 10 10 10 10 10 10 10 10 10 10 10 2 2 10 10 2 10 10 10 10 10 14 14 14 14 14 14 14 14 14 14 14 14 14 14 14 14 14 14 14 14 14 0 12 12 12 12 5 13 13 0 12 12 12 12 12 12 12 0 12 12 12 12 12 12 12 0 12 12 12 12 12 4 5 0 12 12 12 12 5 5 5 0 14 14 14 14 14 14 14 14 14 14 14 14 14 14 14 14 14 14 14 11 11 11 11 11 10 10 10 10 10 10 10 10 10 10 10 10 10 10 10 10 10 10 10 
10 10 10 10 10 10 10 10 10 10 10 10 10 10 2 2 2 2 10 10 10 11 11 11 14 14 14 14 14 14 14 14 14 14 14 14 14 14 14 14 14 14 14 14 0 13 12 12 12 12 12 5 0 12 12 13 12 12 12 12 0 12 12 12 12 12 12 12 0 12 12 12 12 4 5 0 0 12 12 12 12 0 0 0 0 14 14 14 14 14 14 14 14 14 14 14 14 14 14 14 14 14 14 14 6 2 2 2 10 10 10 10 10 10 10 10 10 10 10 10 10 10 10 10 10 10 10 10 
10 10 10 10 10 10 10 10 10 10 10 10 10 10 10 10 10 10 10 10 10 10 10 11 11 14 14 14 14 14 14 14 14 14 14 14 14 14 14 14 14 14 14 14 0 5 13 13 4 12 12 12 0 12 12 5 4 12 12 12 0 12 12 4 13 4 12 12 0 12 12 12 12 12 0 0 0 12 12 4 13 0 14 14 14 14 14 14 14 14 14 14 14 14 14 14 14 14 14 14 14 14 14 14 14 14 6 10 10 10 10 10 10 10 10 10 10 10 10 10 10 10 10 10 10 10 10 10 
10 10 10 10 10 10 10 10 10 10 10 10 10 10 10 10 10 10 10 10 10 11 11 11 11 14 14 14 14 14 14 14 14 14 14 14 14 14 14 14 14 14 14 14 0 4 12 5 5 4 12 12 0 12 12 0 5 4 12 12 0 12 12 5 5 5 12 12 0 12 12 13 12 12 12 0 0 12 12 5 5 0 0 0 0 14 14 14 14 14 14 14 14 14 14 14 14 14 14 14 14 14 14 14 14 11 11 11 11 10 10 10 10 10 10 10 10 10 10 10 10 10 10 10 10 10 10 10 
10 10 10 10 10 10 10 10 10 10 10 10 10 10 10 10 10 10 10 10 10 11 11 2 6 14 14 14 14 14 14 14 14 14 14 14 14 14 14 14 14 14 14 14 0 12 12 12 12 12 12 12 0 12 12 0 0 5 12 12 0 12 12 0 0 0 12 12 0 12 12 5 4 12 12 12 0 12 12 12 12 12 12 12 0 14 14 14 14 14 14 14 14 14 14 14 14 14 14 14 14 14 14 14 11 11 10 10 10 10 10 10 10 10 10 10 10 10 10 10 10 10 10 10 10 10 10 10 
10 10 10 10 10 10 10 10 10 10 10 10 10 10 10 10 10 10 10 10 10 10 2 14 14 14 14 14 14 14 14 14 14 14 14 14 14 14 14 14 14 14 14 14 0 13 12 12 12 12 12 13 0 4 12 0 0 0 12 4 0 4 12 0 14 0 12 4 0 12 12 0 5 4 12 12 0 4 12 12 12 12 12 4 0 14 14 14 14 14 14 14 14 14 14 14 14 14 14 14 14 14 14 14 11 11 11 10 10 10 10 10 10 10 10 10 10 10 10 10 10 10 10 10 10 10 10 10 
10 10 10 10 10 10 10 10 10 10 10 10 10 10 10 10 10 10 10 10 10 11 11 11 11 11 14 14 14 14 14 14 14 14 14 14 14 14 14 14 14 14 14 14 0 5 13 4 4 4 13 5 0 13 13 0 14 0 13 13 0 5 5 0 14 0 5 5 0 13 13 0 0 5 13 13 0 13 13 4 4 4 13 13 0 14 14 14 14 14 14 14 14 14 14 14 14 14 14 14 14 14 14 14 14 2 11 11 10 10 10 10 10 10 10 10 10 10 10 10 10 10 10 10 10 10 10 10 
10 10 10 10 10 10 10 10 10 10 10 10 10 10 10 10 10 10 10 10 10 10 10 10 11 11 14 14 14 14 14 14 14 14 14 14 14 14 14 14 14 14 14 14 0 0 5 5 5 5 5 0 0 5 5 0 14 0 5 5 0 5 5 0 14 0 5 5 0 5 5 0 0 0 5 5 0 5 5 5 5 5 5 5 0 14 14 14 14 14 14 14 14 14 14 14 14 14 14 14 14 14 14 14 14 14 2 2 2 10 10 10 10 10 10 10 10 10 10 10 10 10 10 10 10 10 10 10 
10 10 10 10 10 10 10 10 10 10 10 10 10 10 10 10 10 10 10 10 10 10 10 11 11 6 14 14 14 14 14 14 14 14 14 14 14 14 14 14 14 14 14 14 14 0 0 0 0 0 0 0 0 0 0 0 14 0 0 0 0 0 0 0 14 0 0 0 0 0 0 0 14 0 0 0 0 0 0 0 0 0 0 0 0 14 14 14 14 14 14 14 14 14 14 14 14 14 14 14 14 14 14 14 11 11 11 10 10 10 10 10 10 10 10 10 10 10 10 10 10 10 10 10 10 10 10 10 
10 10 10 10 10 10 10 10 10 10 10 10 10 10 10 2 2 2 2 2 10 10 11 11 2 14 14 14 14 14 14 14 14 14 14 14 14 14 14 14 14 14 14 14 14 14 14 14 14 14 14 14 14 14 14 14 14 14 14 14 14 14 14 14 14 14 14 14 14 14 14 14 14 14 14 14 14 14 14 14 14 14 14 14 14 14 14 14 14 14 14 14 14 14 14 14 14 14 14 14 14 14 14 14 11 11 11 11 10 10 10 10 10 10 10 10 10 10 10 10 10 10 10 10 10 10 10 10 
10 10 10 10 10 10 10 10 10 10 10 10 10 10 2 2 10 10 2 2 10 10 2 2 6 14 14 14 14 14 14 14 14 14 14 14 14 14 14 14 14 14 14 14 14 14 14 14 14 14 14 14 14 14 14 14 14 14 14 14 14 14 14 14 14 14 14 14 14 14 14 14 14 14 14 14 14 14 14 14 14 14 14 14 14 14 14 14 14 14 14 14 14 14 14 14 14 14 14 14 14 14 14 14 11 11 10 10 10 10 10 2 2 2 2 10 10 10 10 10 10 10 10 10 10 10 10 10 
10 10 10 10 10 10 10 10 10 10 10 10 10 10 10 10 10 2 2 10 10 10 10 10 6 6 11 11 11 14 14 14 14 14 14 14 14 14 14 14 14 14 14 14 14 14 14 14 14 14 14 14 14 14 14 14 14 14 14 14 14 14 14 14 14 14 14 14 14 14 14 14 14 14 14 14 14 14 14 14 14 14 14 14 14 14 14 14 14 14 14 14 14 14 14 14 14 14 14 14 14 14 14 14 6 11 11 10 10 10 10 2 2 10 2 2 10 10 10 10 10 10 10 10 10 10 10 10 
10 10 10 10 10 10 10 10 10 10 10 10 10 10 10 10 2 2 10 10 10 10 10 10 11 11 11 11 11 14 14 14 14 14 14 14 14 14 14 14 14 14 14 14 14 14 14 14 14 14 14 14 14 14 14 14 14 14 14 14 14 14 14 14 14 14 14 14 14 14 14 14 14 14 14 14 14 14 14 14 14 14 14 14 14 14 14 14 14 14 14 14 14 14 14 14 14 14 14 14 14 14 14 14 14 2 11 10 10 10 10 10 2 10 10 2 10 10 10 10 10 10 10 10 10 10 10 10 
10 10 10 10 10 10 10 10 10 10 10 10 10 10 10 2 2 2 2 2 10 10 10 10 10 10 10 11 11 14 14 14 14 14 14 14 14 14 14 14 14 14 14 14 14 14 14 14 14 14 14 14 14 14 14 14 14 14 14 14 14 14 14 14 14 14 14 14 14 14 14 14 14 14 14 14 14 14 14 14 14 14 14 14 14 14 14 14 14 14 14 14 14 14 14 14 14 14 14 14 14 11 11 6 6 10 2 10 10 10 10 10 2 10 10 10 10 10 10 10 10 10 10 10 10 10 10 10 
10 10 10 10 10 10 10 10 10 10 10 10 10 10 10 2 2 10 10 2 10 10 10 10 10 10 11 11 2 14 14 14 14 14 14 14 14 14 14 14 14 14 14 14 14 14 14 14 14 14 14 14 14 14 14 14 14 14 14 14 14 14 14 14 14 14 14 14 14 14 14 14 14 14 14 14 14 14 14 14 14 14 14 14 14 14 14 14 14 14 14 14 14 14 14 14 14 14 14 14 14 11 11 11 10 10 10 10 10 10 10 10 2 2 10 10 10 10 10 10 10 10 10 10 10 10 10 10 
10 10 10 10 10 10 10 10 10 10 10 10 10 10 2 2 10 10 2 2 10 10 10 10 10 10 11 2 6 14 14 11 11 14 14 14 14 14 14 14 14 14 14 14 14 14 14 14 14 14 14 14 14 14 14 14 14 14 14 14 14 14 14 14 14 14 14 14 14 14 14 14 14 14 14 14 14 14 14 14 14 14 14 14 14 14 14 14 14 14 14 14 14 14 14 14 14 14 14 14 6 11 11 11 11 10 10 10 10 10 2 2 2 2 10 10 10 10 10 10 10 10 10 10 10 10 10 10 
10 10 10 10 10 10 10 10 10 10 10 10 10 10 10 10 10 10 2 10 10 10 10 10 10 10 10 2 10 10 11 11 11 14 14 14 14 14 14 14 14 14 14 14 14 14 14 14 14 14 14 14 14 14 14 14 14 14 14 14 14 14 14 14 14 14 14 14 14 14 14 14 14 14 14 14 14 14 14 14 14 14 14 14 14 14 14 14 14 14 14 14 14 14 14 14 14 11 11 11 11 11 11 10 10 10 10 10 10 10 2 10 10 2 2 10 10 10 10 10 10 10 10 10 10 10 10 10 
2 10 10 10 10 10 10 10 10 10 10 10 10 10 10 10 10 10 2 10 10 10 10 10 10 10 10 10 10 11 11 11 11 6 14 14 14 14 14 14 14 14 14 14 14 14 14 14 14 14 14 14 14 14 14 14 14 14 14 14 14 14 14 14 14 14 14 14 14 14 14 14 14 14 14 14 14 14 14 14 14 14 14 14 14 14 14 14 14 14 14 14 14 14 14 14 14 11 11 10 10 11 11 10 10 10 10 10 10 10 2 10 10 10 10 10 10 10 10 10 10 10 10 10 10 10 10 2 
2 2 10 10 10 10 10 10 10 10 10 10 10 10 10 10 10 10 10 10 10 10 10 10 10 10 10 10 10 10 10 11 11 11 11 11 11 14 14 14 14 14 14 14 14 14 14 14 14 14 14 14 14 14 14 14 14 14 14 14 14 14 14 14 14 14 14 14 14 14 14 14 14 14 14 14 14 14 14 14 14 14 14 14 14 14 14 14 14 14 14 14 14 14 14 14 14 14 11 11 10 10 10 10 10 10 10 10 10 10 2 10 10 10 10 10 10 10 10 10 10 10 10 10 10 10 2 2 
10 10 10 10 10 10 10 10 10 10 10 10 10 10 10 10 10 10 10 10 10 10 10 10 10 10 10 10 10 10 10 11 11 10 10 11 11 6 14 14 14 14 14 14 14 14 14 14 14 14 14 14 14 14 14 14 14 14 14 14 14 14 14 14 14 14 14 14 14 14 14 14 14 14 14 14 14 14 14 14 14 14 14 14 14 14 14 14 14 14 14 14 11 11 11 11 6 10 2 11 10 10 10 10 10 10 10 10 10 10 10 10 10 10 10 10 10 10 10 10 10 10 10 10 10 10 10 10 
2 10 10 10 10 10 10 10 10 10 10 10 10 10 10 10 10 10 10 10 10 10 10 10 10 10 10 10 10 10 10 10 10 10 11 11 2 10 14 14 14 14 14 14 11 11 14 14 14 14 11 11 14 14 14 14 14 14 14 14 14 14 14 14 14 14 14 14 14 14 14 14 14 14 14 14 14 14 14 14 14 14 14 14 14 14 14 14 14 14 14 14 11 11 11 11 11 10 10 2 10 10 10 10 10 10 10 10 10 10 10 10 10 10 10 10 10 10 10 10 10 10 10 10 10 10 10 2 
2 2 2 10 10 10 10 10 10 10 10 10 10 10 10 10 10 10 10 10 10 10 10 10 10 10 10 10 10 10 10 10 10 10 11 2 10 10 10 14 11 11 6 14 11 11 11 14 14 11 11 11 6 14 14 11 11 14 14 14 14 14 14 14 14 14 14 14 14 14 14 14 14 14 14 14 14 14 14 14 14 14 14 14 14 14 14 11 11 14 14 14 6 11 10 10 10 10 10 10 10 10 10 10 10 10 10 10 10 10 10 10 10 10 10 10 10 10 10 10 10 10 10 10 10 2 2 2 
2 2 2 2 10 10 10 10 10 10 10 10 10 10 10 10 10 10 10 10 10 10 10 10 10 10 10 10 10 10 10 10 10 10 10 10 10 10 10 10 11 11 11 11 11 10 11 6 11 11 11 11 6 14 14 11 11 11 6 14 11 11 14 14 14 14 11 11 14 14 14 14 14 11 11 14 14 14 14 11 11 14 14 14 14 14 14 11 11 11 10 10 10 2 11 10 10 10 10 10 10 10 10 10 10 10 10 10 10 10 10 10 10 10 10 10 10 10 10 10 10 10 10 10 2 2 2 2 
2 2 2 10 10 10 10 10 10 10 10 10 10 10 10 10 10 10 10 10 10 10 10 10 10 10 10 10 10 10 10 10 10 10 10 10 10 10 10 10 11 11 10 11 11 10 10 11 10 10 11 11 2 10 11 11 10 11 11 6 11 11 11 6 14 11 11 11 14 11 11 14 14 11 11 11 14 14 11 11 11 6 14 14 14 14 6 11 11 11 11 10 10 10 2 10 10 10 10 10 10 10 10 10 10 10 10 10 10 10 10 10 10 10 10 10 10 10 10 10 10 10 10 10 10 2 2 2 
2 2 10 10 10 10 2 2 10 10 10 10 10 10 10 10 10 10 10 10 10 10 10 10 10 10 10 10 10 10 10 10 10 10 10 10 10 10 10 10 2 11 10 10 11 10 10 10 10 10 11 2 10 10 11 10 10 10 11 2 11 10 11 11 11 11 11 11 6 11 11 11 11 11 10 11 6 11 11 11 11 6 6 11 11 11 11 11 11 10 10 10 10 10 10 10 10 10 10 10 10 10 10 10 10 10 10 10 10 10 10 10 10 10 10 10 10 10 10 10 2 2 10 10 10 10 2 2 
2 2 2 10 2 2 2 2 10 10 10 10 10 10 10 10 10 10 10 10 10 10 10 10 10 10 10 10 10 10 10 10 10 10 10 10 10 10 10 10 10 2 10 10 10 10 10 10 10 10 2 10 10 10 10 10 10 10 10 2 11 10 10 11 10 10 11 2 2 11 11 10 11 11 10 10 11 10 10 11 11 2 10 11 11 10 10 11 11 10 10 10 10 10 10 10 10 10 10 10 10 10 10 10 10 10 10 10 10 10 10 10 10 10 10 10 10 10 10 10 2 2 2 2 10 2 2 2 
2 2 2 2 2 2 2 10 10 10 10 10 10 10 10 10 10 10 10 10 10 10 10 10 10 10 10 10 10 10 10 10 10 10 10 10 10 2 2 10 10 10 10 10 10 10 10 10 10 10 10 10 10 10 10 10 10 10 10 10 11 10 10 10 10 10 11 10 10 2 11 10 10 11 10 10 10 10 10 11 2 10 10 2 11 11 10 10 10 10 10 10 10 10 2 2 2 2 10 10 10 10 10 10 10 10 10 10 10 10 10 10 10 10 10 10 10 10 10 10 10 2 2 2 2 2 2 2 
2 2 2 2 2 2 2 10 10 10 2 2 10 10 10 10 10 10 10 10 10 10 10 10 10 10 10 10 10 10 2 10 10 10 10 10 2 2 2 2 10 10 10 10 10 10 10 10 10 10 10 10 10 10 10 10 10 10 10 10 10 10 10 10 10 10 10 10 10 10 10 10 10 10 10 10 10 10 10 10 10 10 10 10 2 11 10 10 10 10 10 10 10 10 2 2 10 2 2 2 10 10 10 10 10 10 10 10 10 10 10 10 10 10 10 10 2 2 10 10 10 2 2 2 2 2 2 2 
2 2 2 2 2 2 2 10 2 2 2 2 10 10 10 10 10 10 10 10 10 10 10 10 10 10 10 10 10 2 2 2 10 10 10 2 2 10 10 2 10 10 2 10 10 10 10 10 10 10 10 10 10 10 10 10 10 10 10 10 10 10 10 10 10 10 10 10 10 10 10 10 10 10 10 10 10 10 10 10 10 10 10 10 10 10 10 10 10 2 2 2 2 10 10 2 10 10 10 10 10 10 10 10 10 10 10 10 10 10 10 10 10 10 10 10 2 2 2 2 10 2 2 2 2 2 2 2 
2 2 2 2 2 2 2 2 2 2 2 2 10 10 10 10 10 10 10 10 10 10 10 10 10 10 10 10 10 2 10 2 2 10 10 2 10 10 10 2 10 2 2 2 10 10 10 10 10 10 10 10 10 10 10 10 10 10 10 10 10 10 10 10 10 10 10 10 10 10 10 10 10 10 10 10 10 10 10 10 10 10 10 10 10 10 10 10 10 2 2 10 2 2 2 2 10 10 10 10 10 10 10 10 10 10 10 10 10 10 10 10 10 10 10 10 2 2 2 2 2 2 2 2 2 2 2 2 
2 2 2 2 2 2 2 2 2 2 2 2 10 2 2 10 10 10 10 10 10 10 10 10 10 10 10 10 10 2 10 10 2 2 10 10 10 10 10 2 2 2 10 2 10 10 10 10 10 10 10 10 10 10 10 10 10 10 10 10 10 10 10 10 10 10 10 10 10 10 10 10 10 10 10 10 10 10 10 10 10 10 10 10 10 10 10 10 10 10 2 10 10 10 2 2 10 10 10 10 10 10 10 10 10 10 10 10 10 10 10 10 10 2 2 10 2 2 2 2 2 2 2 2 2 2 2 2 
2 2 2 2 2 2 2 2 2 2 2 2 2 2 2 10 10 10 10 10 10 10 10 10 10 10 10 10 10 10 10 10 10 10 10 10 10 10 10 2 2 10 10 2 10 10 10 10 10 10 10 10 10 10 10 10 10 10 10 10 10 10 10 10 10 10 10 10 10 10 10 10 10 2 2 10 10 10 10 10 10 10 10 10 10 10 10 10 10 10 2 2 10 10 10 10 10 10 10 10 10 10 10 10 10 10 10 10 10 10 10 10 10 2 2 2 2 2 2 2 2 2 2 2 2 2 2 2 
2 2 2 2 2 2 2 2 2 2 2 2 2 2 10 10 10 10 10 10 10 10 10 10 10 10 10 10 10 10 10 10 10 10 10 10 10 10 10 2 10 10 10 2 10 10 10 10 10 10 10 10 10 10 10 10 10 10 10 10 10 10 10 10 10 10 10 10 10 10 10 10 10 2 2 2 10 10 10 10 10 10 10 10 10 10 10 10 10 10 10 2 10 10 10 10 10 10 10 10 10 10 10 10 10 10 10 10 10 10 10 10 10 10 2 2 2 2 2 2 2 2 2 2 2 2 2 2 
2 2 2 2 2 2 2 2 2 2 2 2 2 2 2 2 10 10 10 10 10 10 10 10 10 10 10 10 10 10 10 10 10 10 10 10 10 10 10 10 10 10 10 10 10 10 10 10 10 10 10 10 10 10 10 10 10 10 10 10 10 10 10 10 10 10 10 10 2 2 10 10 2 2 10 2 2 10 10 10 10 10 10 10 10 10 10 10 10 10 10 10 10 10 10 10 10 10 10 10 10 10 10 10 10 10 10 10 10 10 10 10 2 2 2 2 2 2 2 2 2 2 2 2 2 2 2 2 
2 2 2 2 2 2 2 2 2 2 2 2 2 2 2 2 10 10 10 2 2 10 10 10 10 10 10 10 10 10 10 10 10 10 10 10 10 10 10 10 10 10 10 10 10 10 10 10 10 10 10 10 10 10 10 10 10 10 10 10 10 10 10 10 10 10 10 2 2 2 10 10 2 10 10 10 10 10 10 10 10 10 10 10 10 10 10 10 10 10 10 10 10 10 10 10 10 10 10 10 10 10 10 10 10 10 10 2 2 10 10 10 2 2 2 2 2 2 2 2 2 2 2 2 2 2 2 2 
2 2 2 2 2 2 2 2 2 2 2 2 2 2 2 2 2 2 2 2 2 10 10 10 10 10 10 10 10 10 10 10 10 10 10 10 10 10 10 10 10 10 10 10 10 10 10 10 10 10 10 10 10 10 10 10 10 10 10 10 10 10 10 10 10 10 10 2 10 10 2 2 10 10 10 10 10 10 10 10 10 10 10 10 10 10 10 10 10 10 10 10 10 10 10 10 10 10 10 10 10 10 10 10 10 10 10 2 2 2 2 2 2 2 2 2 2 2 2 2 2 2 2 2 2 2 2 2 
2 2 2 2 2 2 2 2 2 2 2 2 2 2 2 2 2 2 2 2 10 10 2 2 10 10 10 10 10 10 10 10 10 10 10 10 10 10 10 10 10 10 10 10 10 10 10 10 10 10 10 10 10 10 10 10 10 10 10 10 10 10 10 10 10 10 2 2 10 10 10 2 10 10 10 10 10 10 10 10 10 10 10 10 10 10 10 10 10 10 10 10 10 10 10 10 10 10 10 10 10 10 10 10 2 2 10 10 2 2 2 2 2 2 2 2 2 2 2 2 2 2 2 2 2 2 2 2 
2 2 2 2 2 2 2 2 2 2 2 2 2 2 2 2 2 2 2 2 10 2 2 2 10 10 10 10 10 10 10 10 10 10 10 10 10 10 10 10 10 10 10 10 10 10 10 10 10 10 10 10 10 10 10 10 10 10 10 10 10 10 10 10 10 10 10 10 10 10 10 10 10 10 10 10 10 10 10 10 10 10 10 10 10 10 10 10 10 10 10 10 10 10 10 10 10 10 10 10 10 10 10 10 2 2 2 10 2 2 2 2 2 2 2 2 2 2 2 2 2 2 2 2 2 2 2 2 
2 2 2 2 2 2 2 2 2 2 2 2 2 2 2 2 2 2 2 2 2 2 2 2 10 10 2 2 2 10 10 10 10 10 10 10 10 10 10 10 10 10 10 10 10 10 10 10 10 10 10 10 10 10 10 10 10 10 10 10 10 10 10 10 10 10 10 10 10 10 10 10 10 10 10 10 10 10 10 10 10 10 10 10 10 10 10 10 10 10 10 10 10 10 10 10 10 10 10 2 2 2 10 10 2 2 2 2 2 2 2 2 2 2 2 2 2 2 2 2 2 2 2 2 2 2 2 2 
2 2 2 2 2 2 2 2 2 2 2 2 2 2 2 2 2 2 2 2 2 2 2 2 2 2 2 2 2 10 10 10 10 10 10 10 10 10 2 10 10 10 10 10 10 10 10 10 10 10 10 10 10 10 10 10 10 10 10 10 10 10 10 10 10 10 10 10 10 10 10 10 10 10 10 10 10 10 10 10 10 10 10 10 10 10 10 10 10 2 10 10 10 10 10 10 10 10 10 2 2 2 2 2 2 2 2 2 2 2 2 2 2 2 2 2 2 2 2 2 2 2 2 2 2 2 2 2 
2 2 2 2 2 2 2 2 2 2 2 2 2 2 2 2 2 2 2 2 2 2 2 2 2 2 2 2 10 10 2 2 10 10 10 10 10 2 2 2 10 10 10 10 2 10 10 10 10 10 10 10 10 10 10 10 10 10 10 10 10 10 10 10 10 10 10 10 10 10 10 10 10 10 10 10 10 10 10 10 10 10 10 2 10 10 10 10 2 2 2 10 10 10 10 10 2 2 10 10 2 2 2 2 2 2 2 2 2 2 2 2 2 2 2 2 2 2 2 2 2 2 2 2 2 2 2 2 
2 2 2 2 2 2 2 2 2 2 2 2 2 2 2 2 2 2 2 2 2 2 2 2 2 2 2 2 10 2 2 2 10 10 10 2 2 2 2 2 2 10 10 2 2 2 10 10 10 10 10 10 10 10 10 10 10 10 10 10 10 10 10 10 10 10 10 10 10 10 10 10 10 10 10 10 10 10 10 10 10 10 2 2 2 10 10 2 2 2 2 2 2 10 10 10 2 2 2 10 2 2 2 2 2 2 2 2 2 2 2 2 2 2 2 2 2 2 2 2 2 2 2 2 2 2 2 2 
